0.00000                0.00000000
0.01991                0.00000000
0.03982                0.00000000
0.05974                0.00000000
0.07965                0.00000000
0.09956                0.00000000
0.11947                0.00000000
0.13939                0.00000000
0.15930                0.00000000
0.17921                0.00000000
0.19912                0.00000000
0.21903                0.00000000
0.23895                0.00000000
0.25886                0.00000000
0.27877                0.00000000
0.29868                0.00000000
0.31860                0.00000000
0.33851                0.00000000
0.35842                0.00000000
0.37833                0.00000000
0.39824                0.00000000
0.41816                0.00000000
0.43807                0.00000000
0.45798                0.00000000
0.47789                0.00000000
0.49780                0.00000000
0.51772                0.00000000
0.53763                0.00000000
0.55754                0.00000000
0.57745                0.00000000
0.59737                0.00000000
0.61728                0.00000000
0.63719                0.00000000
0.65710                0.00000000
0.67701                0.00000000
0.69693                0.00000000
0.71684                0.00000000
0.73675                0.00000000
0.75666                0.00000000
0.77658                0.00000000
0.79649                0.00000000
0.81640                0.00000000
0.83631                0.00000000
0.85622                0.00000000
0.87613                0.00000000
0.89605                0.00000000
0.91596                0.00000000
0.93694                0.00000000
0.93587                0.00000000
0.95578             3296.49020971
0.97570            13260.49467544
0.99561            30604.54645731
1.01552            55909.33688397
1.03543            89693.34070828
1.05534           132347.26366896
1.07526           184246.32971040
1.09517           245766.66705660
1.11508           317281.97977790
1.13499           399178.46831057
1.15491           491825.70028626
1.17482           595613.45908413
1.19473           710929.23010612
1.21464           838170.44457937
1.23455           977737.72773404
1.25447          1130157.15970437
1.27438          1292888.11116902
1.29429          1464279.90751207
1.31420          1644383.33215334
1.33411          1833450.21356658
1.35403          2031700.28007210
1.37394          2241222.19763750
1.39385          2434749.30815526
1.41376          2598582.07822080
1.43368          2761040.47315959
1.45359          2926110.22767461
1.47350          3093367.30682882
1.49341          3262741.39283736
1.51333          3434132.20133069
1.53324          3615202.03944456
1.55315          3709681.65292524
1.57306          3698818.75558234
1.59297          3772037.53191811
1.61289          3890356.65494733
1.63280          4017301.27540870
1.65271          4148654.75087925
1.67262          4285044.05533052
1.69253          4426355.00261207
1.71245          4577813.69960950
1.73236          4744252.89270535
1.75227          4926628.50151380
1.77218          5125374.48226334
1.79209          5340973.84656998
1.81201          5573901.24749787
1.83192          5824772.67595812
1.85183          6091710.66584441
1.87174          6366410.01129690
1.89166          6634749.50031063
1.91157          6899136.19518924
1.93148          6926637.14636413
1.95139          6930154.47503937
1.97131          6960005.09809541
1.99122          7061256.53135112
2.01113          7233293.25623852
2.03104          7420404.44917743
2.05095          7626029.64114085
2.07086          7854886.30345927
2.09078          8102995.43311763
2.11069          8370239.64198676
2.13060          8653675.56500887
2.15051          8953075.25263928
2.17043          9274408.54030582
2.19034          9621408.67165980
2.21025          9994674.63609637
2.23016         10389245.80533853
2.25007         10806446.04910949
2.26999         11247634.37608217
2.28990         11719615.66102614
2.30981         12232963.72352418
2.32972         12789938.88649611
2.34964         13396399.83749296
2.36955         14144190.25117327
2.38946         15078177.54975334
2.40937         16139169.45550493
2.42928         17130781.76494755
2.44920         18019403.61775681
2.46911         18977169.84121456
2.48902         19235950.03974666
2.50893         19651893.29488516
2.52885         20164090.75439587
2.54876         20615178.08846574
2.56867         21262253.92321212
2.58858         21967129.68620351
2.60849         22630964.04033029
2.62841         23259581.03979924
2.64832         23868865.39362017
2.66823         24478306.61142195
2.68814         25088231.19623465
2.70805         25662853.24987270
2.72797         26216252.30870476
2.74788         26560118.28332769
2.76779         26671992.06277997
2.78770         26973973.55287589
2.80762         27381796.08819787
2.82753         27801713.66225360
2.84744         28207077.77107894
2.86735         28573623.56158227
2.88726         28891281.27421088
2.90718         29155453.81363867
2.92709         29318408.34085497
2.94700         29411701.33925722
2.96691         29547480.83165310
2.98683         29707822.34897654
3.00674         29879106.63808294
3.02665         30047813.67879604
3.04656         30177048.36890312
3.06647         30279580.46879422
3.08639         30125050.67464005
3.10630         30137561.16959449
3.12621         30274660.75773844
3.14612         30428566.45953170
3.16603         30573011.17218522
3.18595         30702920.20133069
3.20586         30812914.47131173
3.22577         30900595.92070979
3.24568         31002242.01097004
3.26559         31130750.33532612
3.28551         31288976.99276268
3.30542         31487808.56108535
3.32533         31701357.06758765
3.34524         31949051.95548357
3.36516         32076714.04300892
3.38507         32215452.75502766
3.40498         32491376.26050555
3.42489         32865144.08447953
3.44481         33201100.49251775
3.46472         33347131.28792266
3.48463         33411391.46518710
3.50454         33506594.65800354
3.52445         33721627.69497759
3.54437         33955301.36078751
3.56428         34164217.19466663
3.58419         34370611.08833613
3.60410         34577298.26536096
3.62401         34805759.65355977
3.64393         34987679.42451481
3.66384         34878952.64973235
3.68375         34859215.83059157
3.70366         35017745.89472454
3.72357         35307169.80283971
3.74349         35655208.42555010
3.76340         36064450.61038551
3.78331         36804659.29303341
3.80322         38185974.56903954
3.82314         39894165.95411259
3.84305         41389753.88363086
3.86296         43113512.15493576
3.88287         44943586.29774097
3.90279         47035868.09457820
3.92270         48420385.49230445
3.94261         49846775.96442620
3.96252         51356978.08578727
3.98243         52995731.05841225
4.00235         55066939.21505278
4.02226         57005857.74079083
4.04217         57975304.18334536
4.06208         58008183.21941909
4.08199         56193489.34911381
4.10191         52326026.37226765
4.12182         48676230.76954319
4.14173         48066256.21573831
4.16164         47822437.93149719
4.18156         48077053.24943289
4.20147         48754475.16455851
4.22138         49892625.56851105
4.24129         51550220.02951097
4.26120         53841149.32890225
4.28112         56548245.30438279
4.30103         61037858.26155760
4.32094         64850913.61380747
4.34085         65618439.11876287
4.36076         66433104.14255342
4.38068         67683368.98202015
4.40059         69348476.43900800
4.42050         70845940.25939515
4.44041         72262109.52227569
4.46033         73289786.59129934
4.48024         74079429.69973122
4.50015         75137859.82571222
4.52006         76486199.34891999
4.53997         77847996.66448450
4.55989         78790778.30312672
4.57980         79964964.22033872
4.59971         84039604.01544285
4.61962         85399445.39644623
4.63954         87861237.53814103
4.65945         90505918.34841709
4.67936         92734928.41975407
4.69927         94717710.23509814
4.71918         97117066.74692427
4.73910         99859897.50574939
4.75901        101604172.40748908
4.77892        103355655.90295774
4.79883        104376480.71644357
4.81874        104427554.21764050
4.83866        104624796.04162835
4.85857        104375930.83235499
4.87848        104298353.42078674
4.89839        104978209.86935838
4.91831        104244234.15209430
4.93822        104125238.47869916
4.95813        103979771.51530252
4.97804        105033742.30888967
4.99795        107252251.63856229
5.01787        109325136.15573053
5.03778        111811583.56114420
5.05769        113882917.81205769
5.07760        113708765.14459755
5.09751        113437894.93964276
5.11743        112391952.60672840
5.13734        111195065.38627301
5.15725        109254010.94308035
5.17716        107351872.46561901
5.19708        106867138.00678068
5.21699        105694983.44779907
5.23690        104567619.23144805
5.25681        103786202.81798446
5.27672        103321249.90065987
5.29664        103350072.53576413
5.31655        103461159.21034805
5.33646        105128978.62908828
5.35637        108369023.65574895
5.37629        111819146.63760404
5.39620        113581834.78523958
5.41611        114161001.17410333
5.43602        114600643.92005268
5.45593        114754823.74926180
5.47585        115447190.85841113
5.49576        117005440.81212679
5.51567        119701204.62534726
5.53558        122119972.61405793
5.55549        124514874.25925489
5.57541        126857317.16086593
5.59532        128461957.23021060
5.61523        130852866.58650260
5.63514        131857415.55798848
5.65505        131876717.23121139
5.67497        132254679.39496730
5.69488        132203700.39657216
5.71479        131575323.94481383
5.73470        130973229.79300949
5.75462        130858315.87665097
5.77453        131184935.29917011
5.79444        131446361.51381640
5.81435        132094189.86339420
5.83427        132735288.06867456
5.85418        133995829.56566900
5.87409        135387357.49034858
5.89400        135649106.08811864
5.91391        135829955.86976993
5.93383        135950125.91495818
5.95374        136118450.02170742
5.97365        135718481.91607621
5.99356        136583139.58785471
6.01347        137883729.99894056
6.03339        139115149.83075604
6.05330        139377128.91930673
6.07321        139183468.01617369
6.09312        138930254.46120211
6.11303        138748527.17177147
6.13295        138586829.89925233
6.15286        137808859.98014385
6.17277        136605866.46943817
6.19268        136082513.18583530
6.21260        136662675.90112576
6.23251        138021979.54613152
6.25242        140069338.38049960
6.27233        141906731.75624430
6.29225        144636706.05027199
6.31216        147995619.04719782
6.33207        149079534.38668334
6.35198        149669244.19832480
6.37189        149589186.60360956
6.39181        148753697.82032412
6.41172        145372049.66005981
6.43163        143586329.03227630
6.45154        142910073.13870534
6.47145        143197549.58903107
6.49137        143870170.47855455
6.51128        144927668.01160705
6.53119        145698052.99253446
6.55110        145931558.32292923
6.57102        145707191.42434740
6.59093        145321769.55552319
6.61084        144357441.70155582
6.63075        143268912.97032684
6.65066        142480805.79083538
6.67058        141969596.09570029
6.69049        141585702.80751762
6.71040        141271103.09998024
6.73031        140879966.06992710
6.75023        140471487.30347759
6.77014        140445026.17155936
6.79005        141065282.28679532
6.80996        141440476.50990358
6.82987        142183964.56864393
6.84978        143871932.76713726
6.86970        143824029.11291707
6.88961        143566562.35608727
6.90952        143324423.98646387
6.92943        143213280.70587781
6.94935        143309929.39498159
6.96926        143534423.90085331
6.98917        143856267.32207531
7.00908        144384145.03392470
7.02900        144769595.96397388
7.04891        145001257.95409063
7.06882        145447019.96024838
7.08873        145559786.33683360
7.10864        145740995.37028119
7.12856        145857951.72987142
7.14847        145945291.44869620
7.16838        146354957.89239353
7.18829        147022183.25613111
7.20820        147291983.36197275
7.22812        147618922.32384834
7.24803        148127475.24696973
7.26794        148533623.85744610
7.28785        148928480.46211526
7.30776        150000182.83538601
7.32768        150527367.85938695
7.34759        150896889.79615548
7.36750        151069721.04538015
7.38741        151121315.03986767
7.40733        151606434.21925476
7.42724        152478320.17467049
7.44715        153792756.99296254
7.46706        154938126.36623728
7.48698        155613702.78803876
7.50689        156070457.35181221
7.52680        156464378.27408054
7.54671        156518261.53033513
7.56662        157174823.93351924
7.58654        157752513.43917462
7.60645        157912997.28385758
7.62636        157688080.56625152
7.64627        157194552.43573159
7.66618        156557532.82520849
7.68610        155536912.23280382
7.70601        155034723.60238269
7.72592        154743556.25327474
7.74583        154314729.02405971
7.76574        153765274.99110189
7.78566        153191835.25570247
7.80557        152345175.32174185
7.82548        151710950.61883533
7.84539        151050489.09417510
7.86531        150301377.16829848
7.88522        149601230.35719377
7.90513        149134173.15165013
7.92504        149010980.39465886
7.94496        148652909.38723746
7.96487        147702706.98318189
7.98478        147134964.51013485
8.00469        146683499.59020790
8.02460        146261967.28929591
8.04452        145704028.29286841
8.06443        146075123.70779231
8.08434        151425978.39364246
8.10425        151684692.63139710
8.12416        152077518.88184148
8.14408        151504719.72194669
8.16399        150480919.51515910
8.18390        149567908.38652974
8.20381        149266638.42597172
8.22372        150399141.89481041
8.24364        149972620.99821025
8.26355        150126242.02853599
8.28346        150258313.17200071
8.30337        150281687.09951919
8.32329        150688982.23708734
8.34320        151528874.66401538
8.36311        151249044.66269922
8.38302        151087177.40217915
8.40293        151255096.95788211
8.42285        151595893.65445992
8.44276        152260774.86730093
8.46267        154432831.71023333
8.48258        156610368.52851990
8.50249        157307800.52124000
8.52241        157935921.35467875
8.54232        158290276.43838811
8.56223        158316305.91860360
8.58214        158139068.73651442
8.60206        158131585.74270949
8.62197        158061940.92187792
8.64188        157416689.55497560
8.66179        157587291.24543661
8.68170        157682558.05148733
8.70162        157843230.65436924
8.72153        157560614.03102517
8.74144        157035871.61370504
8.76135        156689589.44062886
8.78127        156671522.31215557
8.80118        156933915.79956898
8.82109        156945261.28239086
8.84100        156725334.99037468
8.86091        156567398.60167724
8.88083        156539542.92889646
8.90074        156200438.86524814
8.92065        156049179.41039392
8.94056        155974594.21633109
8.96048        156113315.83660486
8.98039        156173011.36848834
9.00030        155729734.29722765
9.02021        154902297.29517716
9.04012        154370832.11826488
9.06004        153940031.84718227
9.07995        154335050.23627672
9.09986        154945925.07510334
9.11977        155555456.67722315
9.13969        154884696.14082697
9.15960        154733650.13082141
9.17951        154763147.05652171
9.19942        154440545.64279062
9.21933        154417687.18237996
9.23925        154662477.47792548
9.25916        155241111.53616506
9.27907        155317755.59099847
9.29898        155392582.84502372
9.31889        155655866.29400802
9.33881        155978206.20263594
9.35872        156228483.23993918
9.37863        155909188.75542414
9.39854        156037088.62318590
9.41845        155946099.35339433
9.43837        155701566.95285982
9.45828        155330581.36321583
9.47819        155059175.04960132
9.49810        154975580.63421717
9.51802        154883204.09014967
9.53793        154573113.96953338
9.55784        154068578.15189731
9.57775        153650464.45983043
9.59766        153386964.58422312
9.61758        153020814.87313157
9.63749        152745461.72366837
9.65740        151840268.86160773
9.67731        151183766.25082028
9.69722        150808098.77234763
9.71714        150340784.36274329
9.73705        149679949.82128724
9.75696        149477490.04598826
9.77687        149465026.79849178
9.79679        149302593.08629191
9.81670        149072465.43601280
9.83661        149102147.82777286
9.85652        148904808.50295347
9.87644        148855352.21361941
9.89635        148851944.71021706
9.91626        148826697.08782983
9.93617        148930268.02617371
9.95608        149232010.16848287
9.97600        149250890.03146937
9.99591        149371292.34888220
10.01582        149344524.97621420
10.03573        149368850.45128450
10.05564        149729981.90424263
10.07556        149919930.06620318
10.09547        149964498.50038308
10.11538        150174961.33094534
10.13529        150459401.13129035
10.15521        150688783.61223918
10.17512        150895791.66479129
10.19503        150933911.02994931
10.21494        150808331.76960257
10.23485        150581923.85422075
10.25477        150358757.74793676
10.27468        150384582.34126738
10.29459        150333346.24312875
10.31450        150408317.05693406
10.33441        150475194.32345492
10.35433        150333662.12084326
10.37424        150076427.14377707
10.39415        150081855.47537240
10.41406        149762558.82710359
10.43398        148944676.53499067
10.45389        148584562.54671776
10.47380        148331936.79842132
10.49371        148282292.11842322
10.51362        148076725.95059350
10.53354        148075704.59593472
10.55345        147972837.93491369
10.57336        147872760.98341602
10.59327        147913205.17027366
10.61318        148133516.30619246
10.63310        148190829.30274582
10.65301        148261632.96947706
10.67292        148426719.92357588
10.69283        148422571.48203149
10.71275        148332811.34753817
10.73266        148296421.39204571
10.75257        148166389.86532664
10.77248        148075590.15669757
10.79239        147960109.32557502
10.81231        147738879.94133013
10.83222        147378489.70468259
10.85213        147081808.14466399
10.87204        147153357.62740156
10.89195        147172802.77530718
10.91187        147177405.71752807
10.93178        147183908.96927872
10.95169        147066097.85604089
10.97160        146808285.31234699
10.99152        146329758.52239886
11.01143        146027509.17946753
11.03134        145573925.79165107
11.05125        145127513.09587166
11.07117        144664151.01172405
11.09108        144221145.42577901
11.11099        143848524.08492437
11.13090        143440839.42571482
11.15081        143084210.96196416
11.17073        142727563.37884569
11.19064        142328418.79959032
11.21055        141888911.08055374
11.23046        141484268.96356127
11.25037        141177504.37067181
11.27029        141034201.61901602
11.29020        141018838.32068139
11.31011        141277257.72019583
11.33002        141462986.85364234
11.34994        141467485.27990162
11.36985        141392966.25308162
11.38976        141183214.73778635
11.40967        140634245.92870280
11.42958        140054295.18373546
11.44950        139493737.90441650
11.46941        138923068.08458337
11.48932        138339024.48728293
11.50923        137853796.46718830
11.52914        137396622.47154245
11.54906        136924549.77936947
11.56897        136502657.95679334
11.58888        136202750.07423493
11.60879        135903584.20732915
11.62871        135555216.16610757
11.64862        135156616.83416587
11.66853        134808718.92914245
11.68844        134337188.02348995
11.70835        133934669.95338419
11.72827        133671320.22461180
11.74818        133524871.85385042
11.76809        133304773.87678164
11.78800        132859802.12189184
11.80791        132639744.40179998
11.82783        132526071.96634534
11.84774        132492906.07703835
11.86765        132602788.36609221
11.88756        132558509.42479627
11.90748        132302951.03243965
11.92739        132262452.22334419
11.94730        131901971.64291734
11.96721        131662468.80191807
11.98712        131583522.30405754
12.00704        131514387.83070812
12.02695        131400457.38452812
12.04686        131356889.58392766
12.06677        131308345.40634732
12.08668        131189063.16700861
12.10660        130988333.41821042
12.12651        130885464.92374280
12.14642        130789364.44012292
12.16633        130797119.91253142
12.18625        130649047.13178036
12.20616        130450254.91455153
12.22607        130309717.86738101
12.24598        130079339.26586959
12.26590        129731024.23818927
12.28581        129386618.64680448
12.30572        128950436.82431339
12.32563        128486867.82912621
12.34554        128091525.52620490
12.36546        127771142.13881852
12.38537        127505367.31246050
12.40528        127141956.01049265
12.42519        126726119.45438862
12.44510        126414646.82988161
12.46502        125978725.60985421
12.48493        125459591.57267977
12.50484        125130897.27602310
12.52475        124959670.98547167
12.54467        124720694.99796087
12.56458        124424146.22479536
12.58449        124018406.14810939
12.60440        123587809.48874752
12.62431        123287513.99537402
12.64423        122935003.56913286
12.66414        122656868.65560156
12.68405        122372176.60853051
12.70396        121953343.47884274
12.72387        121593473.41256861
12.74379        121139463.78281754
12.76370        120648532.37791309
12.78361        120267536.41806747
12.80352        119879427.76884006
12.82343        119542389.18636626
12.84335        119261239.65174943
12.86326        119241977.57342647
12.88317        118966122.58753584
12.90308        118624861.45295200
12.92300        118269404.91200930
12.94291        118073523.88561961
12.96282        117840483.77052167
12.98273        117565285.90355906
13.00264        117250168.30259614
13.02256        117099346.23573682
13.04247        116926191.23156770
13.06238        116643586.20447513
13.08229        116329278.30253616
13.10221        115997877.05844831
13.12212        115697654.30821009
13.14203        115343752.93619584
13.16194        114977562.86506809
13.18185        114663716.92897767
13.20177        114313201.17913918
13.22168        113904730.40978634
13.24159        113509609.23876379
13.26150        113152435.03930135
13.28142        112773652.12423939
13.30133        112348923.84275039
13.32124        111892073.29023464
13.34115        111471694.39071505
13.36106        111006764.16816948
13.38098        110696517.67099115
13.40089        110436048.37483002
13.42080        110400528.95862658
13.44071        110051109.87382418
13.46063        109795613.05271707
13.48054        109602674.04172657
13.50045        109354617.35039087
13.52036        109039370.25434037
13.54027        108894041.64614609
13.56019        108731502.10097983
13.58010        108514214.73553078
13.60001        108217291.70197044
13.61992        108019959.85027318
13.63983        107612337.33041126
13.65975        107331256.08696084
13.67966        107045549.99196918
13.69957        106742722.52314454
13.71948        106388934.16915193
13.73940        106078816.12580866
13.75931        105868010.87913109
13.77922        105712459.42946185
13.79913        105606383.87994078
13.81904        105431002.07609400
13.83896        105219787.21405055
13.85887        105006449.00281709
13.87878        104802000.45391992
13.89869        104548694.22761460
13.91860        104349977.86766072
13.93852        104184887.49557401
13.95843        104103386.52746750
13.97834        103982738.27682085
13.99825        103959548.31400827
14.01816        104011086.16516639
14.03808        104068032.76518242
14.05799        104067341.31686735
14.07790        104207072.47834319
14.09781        104516347.21658447
14.11773        104710254.96459673
14.13764        105008489.94799447
14.15755        105263165.98185253
14.17746        105449124.55846584
14.19737        105872618.35231976
14.21729        105727802.34696954
14.23720        105388144.95868570
14.25711        104927815.63653180
14.27702        104622794.47186086
14.29694        104335926.10330154
14.31685        104255082.47073163
14.33676        104176321.67610648
14.35667        104276012.27571724
14.37658        104320498.16733153
14.39650        104282995.43219237
14.41641        104404593.14934160
14.43632        104476592.05071796
14.45623        104495137.75029714
14.47615        104335888.65339951
14.49606        104229241.65240180
14.51597        104085884.84900039
14.53588        103980540.82674973
14.55579        103922180.18717323
14.57571        103831384.94814594
14.59562        103809490.41685393
14.61553        103933050.10226348
14.63544        103972056.29330598
14.65536        104180791.67665349
14.67527        104152701.91086884
14.69518        104103825.03016455
14.71509        104241469.32454874
14.73500        104405534.58111879
14.75492        104385607.73522963
14.77483        104367837.62545656
14.79474        103982993.54733634
14.81465        103736860.77269812
14.83456        103549112.00936145
14.85448        103448879.71950713
14.87439        103272936.21496356
14.89430        103072105.48968804
14.91421        102939591.48825645
14.93412        102931415.56318064
14.95404        102875637.13153987
14.97395        102844665.61482546
14.99386        102880826.73974828
15.01377        102744924.41467540
15.03369        102355750.84030107
15.05360        101857583.43972449
15.07351        101306131.11928818
15.09342        101089249.30658345
15.11333        100863623.77639295
15.13325        101035263.12755655
15.15316        100967498.04778314
15.17307        100992647.66595168
15.19298        101030071.50267515
15.21289        101300581.16481853
15.23281        102056628.76792803
15.25272        102196760.45364909
15.27263        102406029.06203902
15.29254        102150160.38362947
15.31246        101528952.02037893
15.33237        101105945.24131255
15.35228        100718658.71412352
15.37219        100340937.24908675
15.39211        100031156.91691543
15.41202         99569265.25517964
15.43193         99133637.20462677
15.45184         98897286.36524510
15.47175         97957156.25286929
15.49167         97037928.47418675
15.51158         96265431.39554790
15.53149         95615523.69022031
15.55140         95070212.17719539
15.57131         94683868.29520167
15.59123         94443924.74255559
15.61114         94233538.59951599
15.63105         94019782.18920128
15.65096         93503161.17923926
15.67088         92877279.98511408
15.69079         92094320.47212939
15.71070         91411920.33718818
15.73061         90883058.46377803
15.75052         90316302.96363130
15.77044         89722332.86494260
15.79035         89240735.59666854
15.81026         88979888.60126108
15.83017         88847315.17529570
15.85008         88799456.94804852
15.87000         88786028.99801695
15.88991         88542595.40755467
15.90982         88037247.63742790
15.92973         87678753.64820202
15.94965         87365272.73224247
15.96956         87039934.85932918
15.98947         86950145.31254692
16.00938         86970572.79247151
16.02929         87075869.67736879
16.04921         86821615.62665167
16.06912         86632670.84027492
16.08903         86191475.21436168
16.10894         85849470.71034467
16.12886         85743619.06686378
16.14877         85793040.20375022
16.16868         85975521.11161500
16.18859         86229082.92287050
16.20850         86624304.35991573
16.22842         86740411.27312087
16.24833         86915560.18558156
16.26824         86983328.15387088
16.28815         86975806.23774406
16.30806         87163378.58772871
16.32798         86960172.89470273
16.34789         86966481.85795961
16.36780         86700502.55690147
16.38771         86551647.93524250
16.40763         86410680.72233249
16.42754         86457839.00066502
16.44745         86481668.28868221
16.46736         86481453.80483666
16.48727         86482341.41590476
16.50719         86470055.38706909
16.52710         86310350.57546930
16.54701         86061634.95439628
16.56692         85740407.59565558
16.58684         85534447.59762712
16.60675         85556977.13890429
16.62666         85437473.38613388
16.64657         85231591.56668796
16.66648         84763748.56979994
16.68640         84570763.48422219
16.70631         84330920.59684399
16.72622         84301941.74865897
16.74613         84103923.14603123
16.76604         83598175.80248010
16.78596         83505307.18991010
16.80587         83176606.56045832
16.82578         82498735.69009493
16.84569         81919445.75291391
16.86560         81425979.46063308
16.88552         80509903.43219724
16.90543         79954062.33379596
16.92534         79461682.30469748
16.94525         78657424.29648602
16.96517         78041814.97346675
16.98508         77531724.98391493
17.00499         77137672.65040852
17.02490         76686240.70561205
17.04481         76360876.45464610
17.06473         75978496.86162166
17.08464         75716629.60372621
17.10455         75412004.83818993
17.12446         75063638.98302557
17.14438         74747414.96307334
17.16429         74317118.41253492
17.18420         73912066.95295960
17.20411         73426151.86569010
17.22402         72886946.40903845
17.24394         72408120.97858413
17.26385         72092379.86871982
17.28376         71838878.66507657
17.30367         71786400.98906262
17.32359         72160894.66123608
17.34350         72077763.37146725
17.36341         71982169.02878134
17.38332         72299531.03691803
17.40323         72766064.72469985
17.42315         73025910.27041750
17.44306         73247229.39283545
17.46297         73414535.68465339
17.48288         73229982.35542130
17.50279         73066202.33797471
17.52271         72876917.15732782
17.54262         72183468.87172467
17.56253         71594117.19863847
17.58244         71574007.08641718
17.60236         71469062.22911695
17.62227         71624580.93242079
17.64218         71431197.36779827
17.66209         71104315.63386376
17.68200         70810339.57068065
17.70192         70283704.24495842
17.72183         70309486.28266728
17.74174         70488708.46918990
17.76165         70409028.27958417
17.78157         70275115.43238847
17.80148         69723912.82401134
17.82139         69097540.82692832
17.84130         68613596.81813544
17.86121         68071046.06503095
17.88113         67570785.04114571
17.90104         66656395.14094548
17.92095         65603588.77001253
17.94086         64684143.20391770
17.96078         63915001.45310307
17.98069         62978473.52108575
18.00060         61958926.42844637
18.02051         61183392.75828642
18.04042         60709792.02004553
18.06033         60253374.82638025
18.08025         60013447.92024884
18.10016         60146195.44345745
18.12007         60008307.49991603
18.13998         60003293.76395952
18.15990         60003724.89454258
18.17981         60059393.91998374
18.19972         59987987.25829212
18.21963         59335931.54495670
18.23954         58854486.62492233
18.25946         58844386.92942359
18.27937         58402220.96484006
18.29928         58010322.80756020
18.31919         57372521.02774107
18.33911         56836430.26670969
18.35902         56436693.14527459
18.37893         56077297.19698576
18.39884         55585544.88328789
18.41875         55042367.34155932
18.43867         54407630.46267531
18.45858         53875425.19497306
18.47849         53349108.61588328
18.49840         52879085.47447080
18.51832         52492919.81606510
18.53823         52113874.92326348
18.55814         52210139.83660807
18.57805         52250204.73915271
18.59796         52195657.34374242
18.61788         52132094.94393919
18.63779         51738146.02444755
18.65770         51380408.65048316
18.67761         51163240.69823702
18.69752         50618037.15880680
18.71744         49322840.79597869
18.73735         48669666.80945943
18.75726         48235860.05201174
18.77717         47673465.62451423
18.79709         47521045.41504204
18.81700         47515193.92409600
18.83691         48150613.02560526
18.85682         47446964.56319882
18.87673         47667820.71640319
18.89665         47963459.80051611
18.91656         47824630.32707610
18.93647         47792105.03877432
18.95638         47741920.84862676
18.97630         47264461.29855306
18.99621         46937582.75600045
19.01612         46512766.06739009
19.03603         46020694.43854588
19.05594         45513611.36071274
19.07586         45005418.54353260
19.09577         44288007.72176833
19.11568         43881446.98132459
19.13559         43566320.71127447
19.15551         42964781.79218000
19.17542         42541047.77724735
19.19533         41882548.34370583
19.21524         41282273.95547369
19.23515         40783850.93096421
19.25506         40316414.85828111
19.27498         39884682.49355420
19.29489         39615775.22685351
19.31480         39588531.67727075
19.33471         39440302.38134826
19.35463         39214913.16463585
19.37454         38869457.95236200
19.39445         38529632.00321352
19.41436         38140272.58429200
19.43427         37499901.10696483
19.45419         36730844.22300250
19.47410         36073131.90140728
19.49401         35543818.49952492
19.51392         35019833.66899666
19.53384         34562757.12747388
19.55375         34511149.93584679
19.57366         34401260.41665682
19.59357         34133513.43147556
19.61348         33804800.83393742
19.63340         33494489.98875795
19.65331         33231067.52483387
19.67322         32893789.08392378
19.69313         32628109.01962462
19.71305         32096028.32737799
19.73296         31309534.08668695
19.75287         30682998.31290931
19.77278         30226263.04161580
19.79269         29924207.24788311
19.81261         29791847.16671094
19.83252         29727222.94703692
19.85243         29757409.02092488
19.87234         29825004.99632381
19.89225         29936422.14998217
19.91217         30076788.39062172
19.93208         29733947.57214975
19.95199         28770486.88726444
19.97190         28097862.53365699
19.99182         27586701.22502458
20.01173         26908541.31499537
20.03164         26403669.56711071
20.05155         25995055.37223252
20.07146         25613490.42579700
20.09138         25207324.01621133
20.11129         24765336.37157829
20.13120         24347811.58264328
20.15111         23887217.04705403
20.17103         23483657.55595605
20.19094         23064615.52229308
20.21085         22521991.64613428
20.23076         22037444.80515958
20.25067         21458002.12825853
20.27059         21008371.37381986
20.29050         20405872.91710258
20.31041         19505509.33027490
20.33032         18842412.52340128
20.35024         18339835.18983484
20.37015         17908577.19748438
20.39006         17586823.80820103
20.40997         17302115.69242766
20.42988         16812527.68200722
20.44980         16379663.53425775
20.46971         15906229.14406671
20.48962         15413520.22843276
20.50953         14906141.40216346
20.52944         14459340.29961572
20.54936         14070646.85911864
20.56927         13777606.94175730
20.58918         13538763.76162959
20.60909         13366956.63770272
20.62900         13180400.01761271
20.64892         12934989.38701847
20.66883         12712162.49188074
20.68874         12525749.00260911
20.70865         12310038.70103892
20.72857         12195862.57803308
20.74848         11996951.89104091
20.76839         11819597.39616099
20.78830         11492541.86821689
20.80821         11282202.65373383
20.82813         11061398.42243247
20.84804         10905554.83736782
20.86795         10633979.54336352
20.88786         10288498.73974237
20.90778         10066878.62698459
20.92769          9927459.21019948
20.94760          9797245.82273830
20.96751          9631430.77118674
20.98742          9490120.33000077
21.00734          9357042.10486957
21.02725          9173819.09980618
21.04716          8990735.41197566
21.06707          8805774.98306234
21.08698          8606298.94982218
21.10690          8369994.86914153
21.12681          8057964.50909588
21.14672          7802717.83189855
21.16663          7540154.70724787
21.18655          7323939.40457989
21.20646          7145736.89206564
21.22637          6962303.47495064
21.24628          6797612.96461247
21.26619          6732080.67492500
21.28611          6777734.24057444
21.30602          6928692.67927165
21.32593          7022426.57253784
21.34584          7077895.45465610
21.36576          7296756.00249004
21.38567          7204300.53928122
21.40558          6865011.59341622
21.42549          6611028.95341369
21.44540          6442042.26024299
21.46532          6222555.66590711
21.48523          5888980.99882233
21.50514          5532630.18669703
21.52505          5276049.51305765
21.54497          5105642.75502193
21.56488          4999830.74833031
21.58479          4903154.16135517
21.60470          4833413.73823063
21.62461          4739576.34732920
21.64453          4737882.80091332
21.66444          4660855.37286865
21.68435          4529537.56181581
21.70426          4382981.96893027
21.72417          4219568.41619805
21.74409          4028821.07803872
21.76400          3881919.01488094
21.78391          3733698.92537356
21.80382          3581487.74290673
21.82373          3419259.10451877
21.84365          3283217.49744026
21.86356          3163879.89704480
21.88347          3057425.70422139
21.90338          2967480.44167213
21.92330          2899084.66593077
21.94321          2863824.15873276
21.96312          2873381.26299063
21.98303          2917765.01816814
22.00294          2966293.89069669
22.02286          2994745.78737456
22.04277          3023711.67923410
22.06268          3019191.30351413
22.08259          2968350.82401314
22.10251          2924855.83013286
22.12242          2899735.57722588
22.14233          2873228.69502459
22.16224          2822077.74568523
22.18215          2761101.81381857
22.20207          2698605.06279948
22.22198          2625251.00880401
22.24189          2564404.57860643
22.26180          2553791.99082300
22.28171          2519125.62810510
22.30163          2459133.99427378
22.32154          2414664.83344260
22.34145          2315419.28249866
22.36136          2263233.36716491
22.38128          2229936.86784878
22.40119          2212960.53226325
22.42110          2212557.48957346
22.44101          2192953.49595436
22.46092          2169767.88016294
22.48084          2133681.99236757
22.50075          2111803.52987920
22.52066          2123505.78211768
22.54057          2079541.70171256
22.56048          2034779.81602644
22.58040          2011228.20220634
22.60031          2075034.38913823
22.62022          2075793.18436128
22.64013          2073716.04360949
22.66005          2064252.56599937
22.67996          2032170.06818978
22.69987          1974938.45585602
22.71978          1924277.17924698
22.73970          1844774.62121058
22.75961          1715466.83200843
22.77952          1602516.27449562
22.79943          1496456.48257892
22.81934          1396890.95223875
22.83926          1314207.03284500
22.85917          1236027.26007444
22.87908          1162040.45360103
22.89899          1094948.84399676
22.91890          1039514.12269217
22.93882           993265.08687205
22.95873           952407.79581990
22.97864           918964.80179340
22.99855           896217.13411738
23.01846           867250.68909655
23.03838           842211.88611028
23.05829           822058.46281895
23.07820           807115.42560370
23.09811           791166.29646589
23.11803           777053.57851828
23.13794           761744.93246772
23.15785           744088.39212453
23.17776           718978.69167891
23.19767           694788.74535942
23.21759           671792.99061429
23.23750           650657.61937715
23.25741           631138.47829992
23.27732           608448.43823111
23.29724           584695.48442175
23.31715           563301.41830247
23.33706           543879.32928331
23.35697           541631.40129488
23.37688           525265.88487082
23.39680           504262.05634392
23.41671           484848.52467091
23.43662           468540.63291155
23.45653           450478.73448342
23.47644           440060.26148655
23.49636           432958.63912147
23.51627           430726.45615824
23.53618           425049.76028679
23.55609           419093.22265661
23.57601           402151.03002786
23.59592           398933.17007390
23.61583           394859.49910228
23.63574           387265.77402588
23.65565           379987.14757684
23.67557           373057.17916144
23.69548           366463.45031509
23.71539           363599.87926236
23.73530           368670.97718094
23.75521           372838.19207990
23.77513           375700.12962767
23.79504           374545.55972081
23.81495           365919.98661416
23.83486           363161.41383803
23.85478           354802.20534788
23.87469           354323.83089565
23.89460           347830.61887198
23.91451           341968.11933539
23.93443           334144.69440141
23.95434           326147.96343683
23.97425           316304.61963278
23.99416           308587.52823097
24.01407           303492.74808708
24.03399           297435.87493646
24.05390           291548.09001116
24.07381           282309.94169001
24.09372           272624.85090762
24.11363           262923.01517184
24.13355           257201.79006046
24.15346           253253.04701211
24.17337           249609.22316349
24.19328           244722.13742162
24.21319           241655.04206795
24.23311           238633.34836566
24.25302           235553.06816939
24.27293           232457.20161321
24.29284           231283.96281494
24.31276           231929.10815988
24.33267           234194.87319501
24.35258           236383.87183755
24.37249           237665.32564851
24.39240           245131.79398876
24.41232           256947.93570497
24.43223           267932.63272484
24.45214           284986.95069602
24.47205           306409.09111571
24.49197           325723.98323683
24.51188           331977.04061287
24.53179           338453.92813661
24.55170           336351.91636889
24.57161           336849.37251904
24.59153           336683.79887798
24.61144           334900.21056141
24.63135           331347.09600867
24.65126           327839.36831005
24.67118           325105.52665653
24.69109           326106.69795887
24.71100           336329.58230000
24.73091           337357.77015444
24.75082           332863.83961988
24.77074           329228.39380483
24.79065           326356.65544355
24.81056           322535.73277005
24.83047           317280.19215986
24.85038           314739.77786137
24.87030           302913.89697008
24.89021           295857.68882856
24.91012           293402.73853228
24.93003           291933.81645030
24.94994           292459.37429897
24.96986           294639.38870494
24.98977           296535.25097563
25.00968           298493.11925894
25.02959           301340.59670416
25.04951           305788.64170334
25.06942           311908.66796592
25.08933           312297.26433850
25.10924           310631.31393221
25.12916           307523.69846629
25.14907           301470.56744050
25.16898           298780.45754818
25.18889           296129.17503626
25.20880           291910.18774275
25.22872           283544.50890092
25.24863           276880.19902236
25.26854           270185.42997117
25.28845           263222.04107874
25.30836           253447.37441946
25.32828           245825.43488076
25.34819           244526.03887243
25.36810           242982.63980154
25.38801           239749.33334848
25.40792           235929.50958838
25.42784           231039.34326973
25.44775           225102.94361875
25.46766           219674.41568405
25.48757           212524.10072808
25.50749           207704.74308451
25.52740           203626.26760083
25.54731           199168.53712198
25.56722           195922.15479202
25.58713           192461.68134690
25.60705           190446.14917284
25.62696           188499.66554338
25.64687           185551.11203483
25.66678           182969.91648395
25.68670           180546.43804553
25.70661           179722.87516764
25.72652           179273.14389137
25.74643           179350.15198431
25.76634           181316.94629776
25.78626           186177.64157270
25.80617           189413.51042662
25.82608           191802.29505301
25.84599           192648.99879473
25.86591           191822.78950431
25.88582           190895.47406228
25.90573           188231.62425393
25.92564           186586.76368730
25.94555           182103.06908854
25.96547           177385.25717381
25.98538           170968.49226348
26.00529           166498.86067191
26.02520           155868.96322804
26.04511           154994.93361726
26.06503           151645.00525475
26.08494           148926.95539017
26.10485           144593.48768683
26.12476           147479.15491909
26.14467           152447.99393036
26.16459           154649.28614928
26.18450           159302.00547825
26.20441           159194.34836300
26.22432           160390.01080223
26.24424           154008.26999932
26.26415           154186.27306874
26.28406           157654.83729147
26.30397           155179.86419250
26.32389           147876.80545287
26.34380           143298.47309171
26.36371           144307.60212004
26.38362           143830.98625769
26.40353           141990.33903222
26.42345           139753.38763035
26.44336           136937.35155117
26.46327           137549.06149021
26.48318           139723.08625657
26.50309           142194.55624590
26.52301           144236.56406840
26.54292           145862.26181058
26.56283           149742.28022808
26.58274           155915.88352107
26.60265           156068.55781207
26.62257           151809.21499967
26.64248           150147.76905549
26.66239           149306.13237355
26.68230           148278.49737407
26.70222           146200.83354083
26.72213           143366.67910994
26.74204           143989.21929967
26.76195           142709.98541751
26.78186           144570.41932886
26.80178           146763.58143598
26.82169           149747.83297610
26.84160           155003.43873574
26.86151           159984.99133263
26.88143           166527.25907239
26.90134           172670.78259216
26.92125           178974.24587295
26.94116           176365.76029418
26.96107           172960.48278960
26.98099           175385.63108438
27.00090           174991.10540732
27.02081           174226.60918526
27.04072           176572.87453815
27.06064           181974.11275129
27.08055           185557.77195899
27.10046           187232.73223304
27.12037           187071.43614296
27.14028           187395.74108319
27.16020           188434.18522423
27.18011           188971.00311852
27.20002           191284.78733354
27.21993           192286.75229925
27.23984           194152.21782362
27.25976           198504.56290858
27.27967           203184.85520117
27.29958           209306.97987694
27.31949           215651.86909011
27.33940           220769.36281416
27.35932           225492.39742912
27.37923           231915.46523441
27.39914           234371.12062026
27.41905           235420.28648873
27.43897           229640.68075392
27.45888           226174.13481141
27.47879           221669.68661986
27.49870           215940.16098979
27.51862           209990.26118042
27.53853           204722.05966220
27.55844           199941.78590910
27.57835           195822.66196764
27.59826           192389.48292932
27.61818           189533.34900552
27.63809           189316.40562497
27.65800           192404.99395299
27.67791           185921.86873844
27.69782           184621.89995452
27.71774           186121.27364104
27.73765           187821.32959541
27.75756           187693.14872438
27.77747           186195.95210468
27.79738           185520.81300373
27.81730           184034.31459502
27.83721           180907.18002342
27.85712           175961.21855553
27.87703           172584.68889423
27.89695           169502.36716029
27.91686           166482.38603534
27.93677           162973.76753059
27.95668           161334.28399770
27.97659           160942.10945793
27.99651           157180.64892164
28.01642           154277.81478441
28.03633           152269.92785949
28.05624           150544.90264695
28.07615           148754.65342633
28.09607           147915.93690056
28.11598           148054.49767647
28.13589           148940.82557437
28.15580           150095.52774573
28.17572           152744.82346203
28.19563           152824.94991356
28.21554           151766.74644528
28.23545           150584.95650179
28.25537           151155.11676418
28.27528           151308.70504448
28.29519           151815.59389866
28.31510           153053.64362759
28.33501           154403.50364312
28.35493           155707.49453883
28.37484           156726.21314684
28.39475           157691.86080700
28.41466           158975.56318565
28.43457           160588.51462087
28.45449           158772.10209923
28.47440           154775.67842209
28.49431           149893.18502802
28.51422           144350.09545831
28.53413           137237.34427923
28.55405           131632.73848857
28.57396           127249.50641850
28.59387           123455.89905835
28.61378           120111.67675166
28.63370           115517.32049135
28.65361           112837.97712815
28.67352           109523.00163391
28.69343           104554.46201348
28.71335           101141.60543495
28.73326            97744.64739892
28.75317            94331.52326444
28.77308            91193.20806872
28.79299            88294.77967221
28.81291            84791.18943440
28.83282            80738.67929188
28.85273            76691.08799774
28.87264            72493.94997977
28.89255            68236.85348515
28.91247            63594.68752873
28.93238            58740.52799508
28.95229            54462.38603841
28.97220            50587.69924623
28.99211            46912.72037797
29.01203            44049.61159564
29.03194            42131.18604934
29.05185            39448.95085688
29.07176            36471.85227044
29.09168            34584.05263510
29.11159            32825.16286902
29.13150            31106.46003197
29.15141            29456.97343990
29.17132            27688.75419714
29.19124            26125.37669800
29.21115            24578.78474866
29.23106            23252.59498851
29.25097            21963.44296215
29.27088            20549.34855907
29.29080            19292.11335792
29.31071            17937.63433475
29.33062            16724.03690627
29.35053            15642.99961168
29.37045            14634.28279678
29.39036            13550.95611244
29.41027            12800.49936037
29.43018            12076.77718508
29.45010            11573.89917415
29.47001            11164.49197872
29.48992            10609.34764809
29.50983             9808.35495237
29.52974             8976.54105608
29.54966             8101.72414019
29.56957             7062.70308713
29.58948             5832.22700107
29.60939             4557.34940605
29.62930             3556.36672667
29.64922             2721.62738105
29.66913             2380.46406338
29.68904             2085.47507424
29.70895             1778.15807078
29.72886             1586.25597195
29.74878             1408.27283129
29.76869             1229.06665615
29.78860             1045.46926302
29.80851              922.08939068
29.82843              747.26959917
29.84834              615.24620389
29.86825              552.28544373
29.88816              427.72771747
29.90808              420.33457549
29.92799              309.85861793
29.94790              300.44775617
29.96781              134.47270161
29.98772              120.25365770
30.00764              120.31216912
30.02755                9.62025032
30.04746                0.00000000
30.06737                0.00000000
30.08728                0.00000000
30.10720                0.00000000
30.12711                0.00000000
30.14702                0.00000000
30.16693                0.00000000
30.18685                0.00000000
30.20676                0.00000000
30.22667                0.00000000
30.24658                0.00000000
30.26649                0.00000000
30.28641                0.00000000
30.30632                0.00000000
30.32623                0.00000000
30.34614                0.00000000
30.36605                0.00000000
30.38597                0.00000000
30.40588                0.00000000
30.42579                0.00000000
30.44570                0.00000000
30.46561                0.00000000
30.48553                0.00000000
30.50544                0.00000000
30.52535                0.00000000
30.54526                0.00000000
30.56518                0.00000000
30.58509                0.00000000
30.60500                0.00000000
30.62491                0.00000000
30.64483                0.00000000
30.66474                0.00000000
30.68465                0.00000000
30.70456                0.00000000
30.72447                0.00000000
30.74439                0.00000000
30.76430                0.00000000
30.78421                0.00000000
30.80412                0.00000000
30.82403                0.00000000
30.84395                0.00000000
30.86386                0.00000000
30.88377                0.00000000
30.90368                0.00000000
30.92359                0.00000000
30.94351                0.00000000
30.96342                0.00000000
30.98333                0.00000000
31.00324                0.00000000
31.02316                0.00000000
31.04307                0.00000000
31.06298                0.00000000
31.08289                0.00000000
31.10281                0.00000000
31.12272                0.00000000
31.14263                0.00000000
31.16254                0.00000000
31.18245                0.00000000
31.20237                0.00000000
31.22228                0.00000000
31.24219                0.00000000
31.26210                0.00000000
31.28201                0.00000000
31.30193                0.00000000
31.32184                0.00000000
31.34175                0.00000000
31.36166                0.00000000
31.38158                0.00000000
31.40149                0.00000000
31.42140                0.00000000
31.44131                0.00000000
31.46122                0.00000000
31.48114                0.00000000
31.50105                0.00000000
31.52096                0.00000000
31.54087                0.00000000
31.56078                0.00000000
31.58070                0.00000000
31.60061                0.00000000
31.62052                0.00000000
31.64043                0.00000000
31.66034                0.00000000
31.68026                0.00000000
31.70017                0.00000000
31.72008                0.00000000
31.73999                0.00000000
31.75991                0.00000000
31.77982                0.00000000
31.79973                0.00000000
31.81964                0.00000000
31.83956                0.00000000
31.85947                0.00000000
31.87938                0.00000000
31.89929                0.00000000
31.91920                0.00000000
31.93912                0.00000000
31.95903                0.00000000
31.97894                0.00000000
31.99885                0.00000000
32.01876                0.00000000
32.03868                0.00000000
32.05859                0.00000000
32.07850                0.00000000
32.09841                0.00000000
32.11832                0.00000000
32.13824                0.00000000
32.15815                0.00000000
32.17806                0.00000000
32.19797                0.00000000
32.21789                0.00000000
32.23780                0.00000000
32.25771                0.00000000
32.27762                0.00000000
32.29754                0.00000000
32.31745                0.00000000
32.33736                0.00000000
32.35727                0.00000000
32.37718                0.00000000
32.39710                0.00000000
32.41701                0.00000000
32.43692                0.00000000
32.45683                0.00000000
32.47674                0.00000000
32.49666                0.00000000
32.51657                0.00000000
32.53648                0.00000000
32.55639                0.00000000
32.57630                0.00000000
32.59622                0.00000000
32.61613                0.00000000
32.63604                0.00000000
32.65595                0.00000000
32.67587                0.00000000
32.69578                0.00000000
32.71569                0.00000000
32.73560                0.00000000
32.75552                0.00000000
32.77543                0.00000000
32.79534                0.00000000
32.81525                0.00000000
32.83516                0.00000000
32.85507                0.00000000
32.87499                0.00000000
32.89490                0.00000000
32.91481                0.00000000
32.93472                0.00000000
32.95464                0.00000000
32.97455                0.00000000
32.99446                0.00000000
33.01437                0.00000000
33.03428                0.00000000
33.05420                0.00000000
33.07411                0.00000000
33.09402                0.00000000
33.11393                0.00000000
33.13385                0.00000000
33.15376                0.00000000
33.17367                0.00000000
33.19358                0.00000000
33.21349                0.00000000
33.23341                0.00000000
33.25332                0.00000000
33.27323                0.00000000
33.29314                0.00000000
33.31305                0.00000000
33.33297                0.00000000
33.35288                0.00000000
33.37279                0.00000000
33.39270                0.00000000
33.41262                0.00000000
33.43253                0.00000000
33.45244                0.00000000
33.47235                0.00000000
33.49227                0.00000000
33.51218                0.00000000
33.53209                0.00000000
33.55200                0.00000000
33.57191                0.00000000
33.59183                0.00000000
33.61174                0.00000000
33.63165                0.00000000
33.65156                0.00000000
33.67147                0.00000000
33.69139                0.00000000
33.71130                0.00000000
33.73121                0.00000000
33.75112                0.00000000
33.77103                0.00000000
33.79095                0.00000000
33.81086                0.00000000
33.83077                0.00000000
33.85068                0.00000000
33.87060                0.00000000
33.89051                0.00000000
33.91042                0.00000000
33.93033                0.00000000
33.95025                0.00000000
33.97016                0.00000000
33.99007                0.00000000
34.00998                0.00000000
34.02989                0.00000000
34.04980                0.00000000
34.06972                0.00000000
34.08963                0.00000000
34.10954                0.00000000
34.12945                0.00000000
34.14937                0.00000000
34.16928                0.00000000
34.18919                0.00000000
34.20910                0.00000000
34.22901                0.00000000
34.24893                0.00000000
34.26884                0.00000000
34.28875                0.00000000
34.30866                0.00000000
34.32858                0.00000000
34.34849                0.00000000
34.36840                0.00000000
34.38831                0.00000000
34.40822                0.00000000
34.42814                0.00000000
34.44805                0.00000000
34.46796                0.00000000
34.48787                0.00000000
34.50778                0.00000000
34.52770                0.00000000
34.54761                0.00000000
34.56752                0.00000000
34.58743                0.00000000
34.60735                0.00000000
34.62726                0.00000000
34.64717                0.00000000
34.66708                0.00000000
34.68700                0.00000000
34.70691                0.00000000
34.72682                0.00000000
34.74673                0.00000000
34.76664                0.00000000
34.78656                0.00000000
34.80647                0.00000000
34.82638                0.00000000
34.84629                0.00000000
34.86620                0.00000000
34.88612                0.00000000
34.90603                0.00000000
34.92594                0.00000000
34.94585                0.00000000
34.96576                0.00000000
34.98568                0.00000000
35.00559                0.00000000
35.02550                0.00000000
35.04541                0.00000000
35.06533                0.00000000
35.08524                0.00000000
35.10515                0.00000000
35.12506                0.00000000
35.14498                0.00000000
35.16489                0.00000000
35.18480                0.00000000
35.20471                0.00000000
35.22462                0.00000000
35.24453                0.00000000
35.26445                0.00000000
35.28436                0.00000000
35.30427                0.00000000
35.32418                0.00000000
35.34410                0.00000000
35.36401                0.00000000
35.38392                0.00000000
35.40383                0.00000000
35.42374                0.00000000
35.44366                0.00000000
35.46357                0.00000000
35.48348                0.00000000
35.50339                0.00000000
35.52331                0.00000000
35.54322                0.00000000
35.56313                0.00000000
35.58304                0.00000000
35.60295                0.00000000
35.62287                0.00000000
35.64278                0.00000000
35.66269                0.00000000
35.68260                0.00000000
35.70251                0.00000000
35.72243                0.00000000
35.74234                0.00000000
35.76225                0.00000000
35.78216                0.00000000
35.80208                0.00000000
35.82199                0.00000000
35.84190                0.00000000
35.86181                0.00000000
35.88173                0.00000000
35.90164                0.00000000
35.92155                0.00000000
35.94146                0.00000000
35.96137                0.00000000
35.98129                0.00000000
36.00120                0.00000000
36.02111                0.00000000
36.04102                0.00000000
36.06093                0.00000000
36.08085                0.00000000
36.10076                0.00000000
36.12067                0.00000000
36.14058                0.00000000
36.16049                0.00000000
36.18041                0.00000000
36.20032                0.00000000
36.22023                0.00000000
36.24014                0.00000000
36.26006                0.00000000
36.27997                0.00000000
36.29988                0.00000000
36.31979                0.00000000
36.33971                0.00000000
36.35962                0.00000000
36.37953                0.00000000
36.39944                0.00000000
36.41935                0.00000000
36.43926                0.00000000
36.45918                0.00000000
36.47909                0.00000000
36.49900                0.00000000
36.51891                0.00000000
36.53883                0.00000000
36.55874                0.00000000
36.57865                0.00000000
36.59856                0.00000000
36.61847                0.00000000
36.63839                0.00000000
36.65830                0.00000000
36.67821                0.00000000
36.69812                0.00000000
36.71804                0.00000000
36.73795                0.00000000
36.75786                0.00000000
36.77777                0.00000000
36.79768                0.00000000
36.81760                0.00000000
36.83751                0.00000000
36.85742                0.00000000
36.87733                0.00000000
36.89724                0.00000000
36.91716                0.00000000
36.93707                0.00000000
36.95698                0.00000000
36.97689                0.00000000
36.99681                0.00000000
37.01672                0.00000000
37.03663                0.00000000
37.05654                0.00000000
37.07646                0.00000000
37.09637                0.00000000
37.11628                0.00000000
37.13619                0.00000000
37.15610                0.00000000
37.17602                0.00000000
37.19593                0.00000000
37.21584                0.00000000
37.23575                0.00000000
37.25566                0.00000000
37.27558                0.00000000
37.29549                0.00000000
37.31540                0.00000000
37.33531                0.00000000
37.35522                0.00000000
37.37514                0.00000000
37.39505                0.00000000
37.41496                0.00000000
37.43487                0.00000000
37.45479                0.00000000
37.47470                0.00000000
37.49461                0.00000000
37.51452                0.00000000
37.53444                0.00000000
37.55435                0.00000000
37.57426                0.00000000
37.59417                0.00000000
37.61408                0.00000000
37.63399                0.00000000
37.65391                0.00000000
37.67382                0.00000000
37.69373                0.00000000
37.71364                0.00000000
37.73356                0.00000000
37.75347                0.00000000
37.77338                0.00000000
37.79329                0.00000000
37.81321                0.00000000
37.83312                0.00000000
37.85303                0.00000000
37.87294                0.00000000
37.89285                0.00000000
37.91277                0.00000000
37.93268                0.00000000
37.95259                0.00000000
37.97250                0.00000000
37.99241                0.00000000
38.01233                0.00000000
38.03224                0.00000000
38.05215                0.00000000
38.07206                0.00000000
38.09197                0.00000000
38.11189                0.00000000
38.13180                0.00000000
38.15171                0.00000000
38.17162                0.00000000
38.19154                0.00000000
38.21145                0.00000000
38.23136                0.00000000
38.25127                0.00000000
38.27119                0.00000000
38.29110                0.00000000
38.31101                0.00000000
38.33092                0.00000000
38.35083                0.00000000
38.37075                0.00000000
38.39066                0.00000000
38.41057                0.00000000
38.43048                0.00000000
38.45039                0.00000000
38.47031                0.00000000
38.49022                0.00000000
38.51013                0.00000000
38.53004                0.00000000
38.54995                0.00000000
38.56987                0.00000000
38.58978                0.00000000
38.60969                0.00000000
38.62960                0.00000000
38.64952                0.00000000
38.66943                0.00000000
38.68934                0.00000000
38.70925                0.00000000
38.72917                0.00000000
38.74908                0.00000000
38.76899                0.00000000
38.78890                0.00000000
38.80881                0.00000000
38.82872                0.00000000
38.84864                0.00000000
38.86855                0.00000000
38.88846                0.00000000
38.90837                0.00000000
38.92829                0.00000000
38.94820                0.00000000
38.96811                0.00000000
38.98802                0.00000000
39.00794                0.00000000
39.02785                0.00000000
39.04776                0.00000000
39.06767                0.00000000
39.08758                0.00000000
39.10750                0.00000000
39.12741                0.00000000
39.14732                0.00000000
39.16723                0.00000000
39.18714                0.00000000
39.20706                0.00000000
39.22697                0.00000000
39.24688                0.00000000
39.26679                0.00000000
39.28670                0.00000000
39.30662                0.00000000
39.32653                0.00000000
39.34644                0.00000000
39.36635                0.00000000
39.38627                0.00000000
39.40618                0.00000000
39.42609                0.00000000
39.44600                0.00000000
39.46592                0.00000000
39.48583                0.00000000
39.50574                0.00000000
39.52565                0.00000000
39.54556                0.00000000
39.56548                0.00000000
39.58539                0.00000000
39.60530                0.00000000
39.62521                0.00000000
39.64512                0.00000000
39.66504                0.00000000
39.68495                0.00000000
39.70486                0.00000000
39.72477                0.00000000
39.74468                0.00000000
39.76460                0.00000000
39.78451                0.00000000
39.80442                0.00000000
