0.00000   0.00000000
0.02279   0.00000000
0.04558   0.00000000
0.06837   0.00000000
0.09117   0.00000000
0.11396   0.00000000
0.13675   0.00000000
0.15954   0.00000000
0.18233   0.00000000
0.20512   0.00000000
0.22791   0.00000000
0.25071   0.00000000
0.27350   0.00000000
0.29629   0.00000000
0.31908   0.00000000
0.34187   0.00000000
0.36466   0.00000000
0.38745   0.00000000
0.41025   0.00000000
0.43304   0.00000000
0.45583   0.00000000
0.47862   0.00000000
0.50141   0.00000000
0.52420   0.00000000
0.54700   0.00000000
0.57991   0.00000000
0.56979   0.00000000
0.59258 901.95903986
0.61537 7727.00076839
0.63816 22146.06703419
0.66095 44931.33692088
0.68374 76792.97490008
0.70654 118438.43087202
0.72933 170561.46953428
0.75212 233872.33119226
0.77491 309063.91086393
0.79770 396856.90073694
0.82049 497955.63690694
0.84328 613102.47099159
0.86608 743041.68134802
0.88887 888541.30182580
0.91166 1050398.56642189
0.93445 1228392.05690030
0.95724 1416912.04055406
0.98003 1615158.32264042
1.00282 1823452.87298226
1.02561 2042057.57159466
1.04841 2271071.11155583
1.07120 2477571.18065804
1.09399 2667923.30504851
1.11678 2862732.13686759
1.13957 3061742.98939155
1.16236 3264292.32489635
1.18515 3404657.36690730
1.20795 3510822.23002048
1.23074 3587901.81663722
1.25353 3650679.62488378
1.27632 3756955.59817297
1.29911 3873954.08690716
1.32190 3992617.40478887
1.34469 4113040.90946741
1.36749 4235281.80851644
1.39028 4359367.42946671
1.41307 4485345.99315906
1.43586 4613220.31337372
1.45865 4743013.85022032
1.48144 4874533.68430407
1.50423 4982692.10431789
1.52703 5092335.36537990
1.54982 5205927.77757212
1.57261 5333437.53699895
1.59540 5465143.66963651
1.61819 5548295.90195533
1.64098 5580104.21094413
1.66378 5561354.57360049
1.68657 5533792.20671721
1.70936 5545197.21106600
1.73215 5584614.91625548
1.75494 5643431.16927761
1.77773 5729236.11556142
1.80052 5834226.30462871
1.82332 5933220.95875669
1.84611 6036906.74691748
1.86890 6149565.41458603
1.89169 6276559.67214927
1.91448 6419025.27969009
1.93727 6577501.83644482
1.96006 6752524.82495965
1.98286 6944865.34213485
2.00565 7157391.01248558
2.02844 7394506.11282969
2.05123 7591285.74316616
2.07402 7838245.12974154
2.09681 8120284.26019928
2.11960 8431770.12193693
2.14240 8763780.01619686
2.16519 9110589.28008088
2.18798 9472630.02537698
2.21077 9850007.02882020
2.23356 10228256.12294815
2.25635 10505567.12329257
2.27914 10769313.72312029
2.30194 10997764.35126452
2.32473 11242718.09196019
2.34752 11782798.32533175
2.37031 12207478.24219588
2.39310 12531188.58053837
2.41589 12989287.91505002
2.43868 13576546.62334069
2.46148 14259143.79293024
2.48427 14934149.48486121
2.50706 15580362.93102335
2.52985 16235226.00928179
2.55264 16922571.72023254
2.57543 17832346.87612827
2.59822 18645509.13595630
2.62102 19348643.51719502
2.64381 19981144.04550820
2.66660 20551840.63993233
2.68939 21064985.51557583
2.71218 21513614.97174194
2.73497 21888438.06783618
2.75777 22172811.13521164
2.78056 22281208.53803959
2.80335 22225186.07943804
2.82614 21990313.28921156
2.84893 21748820.09941662
2.87172 21613930.04341140
2.89451 21505273.98018337
2.91730 21297262.34018374
2.94010 21214670.69684353
2.96289 21116692.58899042
2.98568 21051606.00741202
3.00847 21046510.45026768
3.03126 21100267.26783582
3.05405 21199215.65614555
3.07685 21338321.68247872
3.09964 21501523.87981750
3.12243 21712808.34309856
3.14522 21969793.00691133
3.16801 22223946.14018803
3.19080 22405637.12059514
3.21359 22533983.87381020
3.23638 22645290.81389865
3.25918 22756387.51833667
3.28197 22875027.72501250
3.30476 22993224.54149940
3.32755 23131415.65395582
3.35034 23293126.34822616
3.37313 23298497.94339542
3.39593 23281917.85893992
3.41872 23447314.26587688
3.44151 23572474.35344864
3.46430 23543017.43218227
3.48709 23595070.60558384
3.50988 23604317.62311956
3.53267 23579610.00701113
3.55546 23547259.05293766
3.57826 23335653.78313085
3.60105 23063065.51487641
3.62384 23037990.28950193
3.64663 23130875.82423326
3.66942 23231350.09450115
3.69221 23395236.84832060
3.71501 23590999.57595954
3.73780 23868745.00039677
3.76059 24504318.02619249
3.78338 25100865.93648543
3.80617 25590597.82447233
3.82896 25983717.07306108
3.85175 26324896.38882148
3.87455 26760157.81722602
3.89734 27181803.91221917
3.92013 27471092.99153419
3.94292 27743776.14764411
3.96571 28111699.33751981
3.98850 28617516.94516991
4.01129 29394136.78771670
4.03409 29933614.94761010
4.05688 30490979.61553286
4.07967 31143602.68231082
4.10246 32060378.52745265
4.12525 33057098.89345530
4.14804 33940441.14882070
4.17083 34736368.68736096
4.19363 35600566.46028227
4.21642 36688612.10556832
4.23921 38006023.69142711
4.26200 39393024.04798756
4.28479 40849984.78295811
4.30758 42306824.78300227
4.33037 42219541.83868637
4.35317 42375119.34373322
4.37596 43139141.22152263
4.39875 43961279.49393154
4.42154 44603822.87461923
4.44433 44492514.96782719
4.46712 45286686.25653055
4.48991 43061557.66565687
4.51271 42462945.50412513
4.53550 42754204.05993946
4.55829 43212193.45342592
4.58108 43983908.82476888
4.60387 45936860.08694679
4.62666 48909043.22744487
4.64945 51198507.19657407
4.67225 52438315.36519993
4.69504 53002838.12415057
4.71783 54475882.20182065
4.74062 54784337.11745170
4.76341 55089413.53273400
4.78620 55754024.42168692
4.80900 57774769.98508527
4.83179 60096072.35856763
4.85458 62732147.37157204
4.87737 70093272.19463252
4.90016 70789981.41038598
4.92295 71961923.73346876
4.94574 72631574.70734435
4.96854 73472988.46086116
4.99133 75247419.33822019
5.01412 76929964.71171501
5.03691 78151628.29955310
5.05970 78959933.99222270
5.08249 80648155.18318331
5.10528 83119696.24616951
5.12807 83185587.77330405
5.15087 84616171.14343584
5.17366 88623659.71283801
5.19645 89718222.72533430
5.21924 90911405.43378620
5.24203 92566832.85711533
5.26482 93261882.01229759
5.28761 94086009.05776356
5.31041 94480479.93027189
5.33320 94803419.51017301
5.35599 95468547.19001395
5.37878 93362403.30687137
5.40157 91514212.11392742
5.42436 89497375.14143263
5.44716 88888112.61078325
5.46995 88946923.14263651
5.49274 89811888.48700164
5.51553 91297747.04006310
5.53832 92509547.78365695
5.56111 91326176.38100605
5.58390 91241979.80722515
5.60670 90067111.52274099
5.62949 87888411.89651600
5.65228 86457643.28661685
5.67507 85362320.71763910
5.69786 83985242.70716596
5.72065 83532757.99643141
5.74344 84286551.12732342
5.76623 85568588.70407261
5.78903 86524499.86406210
5.81182 87510614.87638865
5.83461 89160606.40238163
5.85740 91512034.32579608
5.88019 93409167.12580618
5.90298 94397381.95854354
5.92578 94977505.90683094
5.94857 95803395.09329455
5.97136 92441013.18478814
5.99415 91684467.85598844
6.01694 92271754.15687896
6.03973 93648996.53392833
6.06252 97722773.69122402
6.08532 98429964.41185205
6.10811 101085647.04325910
6.13090 104610579.92014827
6.15369 107764401.34764302
6.17648 111109312.50431137
6.19927 113156840.57775567
6.22206 113861095.35655576
6.24486 111064029.34901841
6.26765 111954790.86549799
6.29044 114666613.37545532
6.31323 116643739.72440757
6.33602 120764431.30738336
6.35881 124909777.25140618
6.38160 128947429.47550941
6.40440 129692708.02284402
6.42719 129791263.29355328
6.44998 128146470.09314808
6.47277 127475571.25849304
6.49556 126698433.56205235
6.51835 125724089.67548494
6.54115 124510251.26189333
6.56394 123373719.53075197
6.58673 123794598.31769601
6.60952 125743143.47130772
6.63231 126019573.92461841
6.65510 125985997.88296606
6.67789 126287321.03883234
6.70069 126224386.25058450
6.72348 126311587.30930422
6.74627 127508305.80516492
6.76906 128798757.32765004
6.79185 131750244.72062056
6.81464 133823161.53760764
6.83743 133533748.38843276
6.86022 132083713.45871732
6.88302 128118350.31066704
6.90581 126531427.60169700
6.92860 125827932.63170889
6.95139 125173041.34734437
6.97418 124820233.32026091
6.99697 125798412.91560885
7.01976 126158401.81912026
7.04256 126310704.78681643
7.06535 126991653.48690856
7.08814 128045361.32938553
7.11093 130082886.77341512
7.13372 135138235.16225517
7.15651 137844455.34030783
7.17931 138347411.46834102
7.20210 140041154.35509038
7.22489 142212432.52628198
7.24768 140805776.14812174
7.27047 137986042.24540058
7.29326 136579090.91410193
7.31605 136088394.39953715
7.33885 135964836.08750457
7.36164 135827637.51347241
7.38443 135911883.61226115
7.40722 136056059.88135701
7.43001 136459242.95587689
7.45280 136924800.16171083
7.47559 137124297.50625631
7.49838 136641189.48490298
7.52118 135985573.29083562
7.54397 135903275.65920219
7.56676 136275151.21713233
7.58955 137575336.88781756
7.61234 138833166.61612749
7.63513 139716870.16001365
7.65792 140375718.61510324
7.68072 140426607.94514045
7.70351 143614905.53479949
7.72630 147419022.60992193
7.74909 150168959.83101219
7.77188 156473107.19745475
7.79467 159992312.90105966
7.81747 159263494.85120645
7.84026 158979555.19187018
7.86305 158457881.32554922
7.88584 157317603.01693526
7.90863 156867065.44034010
7.93142 157725726.85497025
7.95421 158112326.52457073
7.97701 158365919.48093748
7.99980 159096389.84815228
8.02259 159581574.81326064
8.04538 159408031.75217018
8.06817 158537858.68244085
8.09096 159773580.24540687
8.11375 160402610.69428378
8.13655 160375715.51675594
8.15934 160244904.86858958
8.18213 159881601.51910561
8.20492 159492176.34359840
8.22771 158679246.87587747
8.25050 156903026.26055220
8.27329 155520350.77358198
8.29609 154733869.87818241
8.31888 154527577.59780118
8.34167 153695415.08849886
8.36446 150622545.42079881
8.38725 149661945.66428974
8.41004 149444053.32541111
8.43283 148545071.53524095
8.45563 147452082.47813484
8.47842 147386408.73228121
8.50121 147842203.95878637
8.52400 147973074.36659178
8.54679 148068485.31146923
8.56958 148958481.21822202
8.59238 147990406.72779498
8.61517 147132549.34207103
8.63796 146694902.60443291
8.66075 147381637.28718743
8.68354 148138283.63454112
8.70633 148252808.64927340
8.72912 148398174.32725695
8.75192 149284717.14152908
8.77471 146535277.85760498
8.79750 143617524.97408226
8.82029 144005039.27940518
8.84308 145398125.00371972
8.86587 146243061.78858146
8.88866 146669681.22336540
8.91146 146136047.99941796
8.93425 146025290.28142077
8.95704 146285437.68256125
8.97983 147665661.42958367
9.00262 148744602.95404604
9.02541 150104511.52339873
9.04820 150841322.51498938
9.07099 153052775.81557471
9.09379 154785797.85918117
9.11658 155631101.44515178
9.13937 156622795.26121974
9.16216 157931783.94535539
9.18495 159106471.72860837
9.20774 160467106.39415899
9.23053 161842602.12650093
9.25333 162103956.41527116
9.27612 161575994.16387033
9.29891 161320889.12335494
9.32170 161407735.71332377
9.34449 162052030.32492262
9.36728 163619762.44779342
9.39007 164587799.86170283
9.41287 165793741.98738998
9.43566 166670587.71091518
9.45845 166850120.28744495
9.48124 167366981.56015277
9.50403 167202470.51546451
9.52682 166776468.77138624
9.54961 167021499.51388702
9.57241 166315886.27212083
9.59520 166306284.98350599
9.61799 165524165.13193500
9.64078 165212202.56280610
9.66357 165157854.33325389
9.68636 164873879.16586450
9.70916 164625437.43372071
9.73195 164934877.53173822
9.75474 165006303.99965715
9.77753 165395677.11746576
9.80032 165702586.54729936
9.82311 165363170.08827507
9.84590 165470687.19192544
9.86870 165425717.48683643
9.89149 164862429.04579499
9.91428 164387081.27443084
9.93707 164012048.41092077
9.95986 163802963.53124613
9.98265 163216449.17229679
10.00544 162819718.92702189
10.02824 162528835.80511898
10.05103 161997581.82871887
10.07382 162343347.82398859
10.09661 163063026.19136164
10.11940 163825975.15742704
10.14219 164942067.22730637
10.16498 165142945.51938772
10.18778 165267314.17538983
10.21057 165344276.84272745
10.23336 165441255.95005494
10.25615 164966833.06605968
10.27894 164047794.61620578
10.30173 163302354.99374899
10.32452 162906672.45405149
10.34732 162457099.05520815
10.37011 161203856.27706078
10.39290 160504214.04064885
10.41569 159781334.44458213
10.43848 159218881.88578171
10.46127 158876868.85259908
10.48406 158788414.47258711
10.50686 158672008.56107593
10.52965 158670737.86298707
10.55244 158339345.62694556
10.57523 157231460.38840988
10.59802 156806490.22914088
10.62081 156043695.01731566
10.64361 155276990.00659409
10.66640 155130136.07619739
10.68919 155372373.23318657
10.71198 155448781.74363834
10.73477 155604062.30240700
10.75756 156306868.98856923
10.78035 157092921.38753447
10.80315 157633989.96132192
10.82594 158063958.63474420
10.84873 158221876.82074156
10.87152 157947219.29638731
10.89431 157655458.12077680
10.91710 157398390.41604519
10.93989 157231852.21143562
10.96269 157246795.06704301
10.98548 157544069.10287097
11.00827 158009461.42309627
11.03106 158675636.68243265
11.05385 159381215.21876308
11.07664 159819820.97749540
11.09943 159829798.51956990
11.12223 160122429.70890251
11.14502 160398994.77655286
11.16781 160337357.73277086
11.19060 160154771.25429112
11.21339 159769074.42924640
11.23618 159442067.51283625
11.25897 158757201.02477059
11.28177 158045721.88324481
11.30456 157085818.95463219
11.32735 156575257.62712139
11.35014 156273928.30987245
11.37293 155928828.07620087
11.39572 155741176.45684832
11.41851 155638120.79207060
11.44130 155483614.90308800
11.46410 155349601.29584259
11.48689 155077302.22859663
11.50968 154807690.41457081
11.53247 154423086.82897067
11.55526 154499537.46345681
11.57805 154504939.76624489
11.60084 154537146.92438421
11.62364 154567530.51452950
11.64643 154126001.71753854
11.66922 153501777.31202567
11.69201 153158913.59685260
11.71480 152906824.20771220
11.73759 152301018.91945040
11.76038 151892403.00447857
11.78318 151851720.01847842
11.80597 151688551.93432564
11.82876 151821523.24876553
11.85155 151830545.30562621
11.87434 151885078.89050373
11.89713 151736949.74972808
11.91993 151901072.17847422
11.94272 151947424.26605016
11.96551 151961073.71230286
11.98830 151766521.53632191
12.01109 151552233.52831623
12.03388 151536707.18899053
12.05667 151531067.00640014
12.07947 151295391.32012904
12.10226 150993721.84386414
12.12505 150642194.23464185
12.14784 149548496.39572713
12.17063 148904682.10501191
12.19342 148568912.62904957
12.21621 148047638.01893523
12.23901 147568541.16243938
12.26180 147160746.45314324
12.28459 146716683.31260496
12.30738 146431060.07489625
12.33017 146386322.77058697
12.35296 146478337.29083246
12.37575 146480257.29499590
12.39855 146310740.64076680
12.42134 146108428.75738740
12.44413 145877292.14273375
12.46692 145875745.41691667
12.48971 145408190.18672493
12.51250 144965473.23103452
12.53529 144593058.75220883
12.55809 144091089.04110363
12.58088 143313353.35803345
12.60367 142398293.17292985
12.62646 141617490.38475245
12.64925 140894109.55320519
12.67204 140258935.86858591
12.69483 139637801.89201716
12.71763 139029839.25252184
12.74042 138449381.93142620
12.76321 137912733.38003305
12.78600 137986145.91527101
12.80879 137022780.48330209
12.83158 136445065.80721018
12.85437 135939525.07700107
12.87717 135335237.50754365
12.89996 134864027.99893340
12.92275 134496542.46447796
12.94554 134379682.49933794
12.96833 134442081.88219878
12.99112 134474992.66785052
13.01392 134436125.55811736
13.03671 134689176.58084068
13.05950 134706076.79493761
13.08229 134437368.11931166
13.10508 133941775.15253362
13.12787 133836599.42022355
13.15066 133662960.48998535
13.17346 133374722.11593364
13.19625 133207837.48900121
13.21904 133093791.59759687
13.24183 132928788.20895831
13.26462 132725801.82235748
13.28741 132725942.53409298
13.31020 132662641.96513380
13.33300 132523942.43215568
13.35579 132287808.21416093
13.37858 132004352.53185497
13.40137 131731111.79793659
13.42416 131420244.65820080
13.44695 131218449.34848714
13.46974 130878548.94628562
13.49254 130115214.54154424
13.51533 129486570.08086982
13.53812 128921224.24611665
13.56091 128336329.10885206
13.58370 127693662.76049186
13.60649 126995747.73193671
13.62928 126467379.40283807
13.65207 126185149.98180398
13.67487 125788498.37684608
13.69766 125088887.47562507
13.72045 124458172.26273865
13.74324 124015015.95347247
13.76603 123651695.48476222
13.78882 123316043.77545629
13.81161 122944704.87920265
13.83441 122690445.96897376
13.85720 122617276.77413914
13.87999 122223601.21606845
13.90278 121758193.40465516
13.92557 120810742.09141661
13.94836 120304309.82950449
13.97116 119941821.96656348
13.99395 119685379.83849220
14.01674 119642882.58035623
14.03953 119530965.74905342
14.06232 119509612.01971449
14.08511 119390252.44157137
14.10790 119388447.87850271
14.13070 119396286.81251922
14.15349 119395723.18518424
14.17628 118790028.29614794
14.19907 117799810.32028221
14.22186 116908821.12103224
14.24465 115989833.23586868
14.26744 115399295.92896572
14.29024 114652028.03329313
14.31303 113978864.44642697
14.33582 113808991.05788557
14.35861 113934395.39374274
14.38140 113989476.31310247
14.40419 113684256.61722350
14.42698 113360409.39102860
14.44978 113087001.66313812
14.47257 112954435.72967954
14.49536 112688474.98440234
14.51815 112314632.34190674
14.54094 111833475.27339099
14.56373 111142181.55306001
14.58652 110726377.88422039
14.60932 110498159.70435441
14.63211 110368698.28311618
14.65490 110281273.42142682
14.67769 110373229.64804958
14.70048 110603165.14400911
14.72327 110756045.10684404
14.74606 111145235.91254167
14.76886 111245418.38609904
14.79165 111289151.91302988
14.81444 111379682.60567608
14.83723 111660613.15721031
14.86002 111316350.20070720
14.88281 110970926.69530252
14.90560 110511975.79099359
14.92840 110024414.06850553
14.95119 109650872.13281827
14.97398 109390694.40157326
14.99677 109286927.18780072
15.01956 109131051.41822228
15.04235 108964526.31494257
15.06514 108702233.18829310
15.08794 108432258.26781155
15.11073 108058986.09591155
15.13352 107558748.41267732
15.15631 106706781.61302158
15.17910 106038529.13300377
15.20189 105290711.37546444
15.22468 104677200.35208768
15.24748 104178805.88791041
15.27027 103799913.02626958
15.29306 103612596.50311640
15.31585 103420407.91548286
15.33864 103329628.86567879
15.36143 103297320.57805058
15.38423 102863456.71396634
15.40702 102742589.44404428
15.42981 102761699.82082719
15.45260 102723566.13025770
15.47539 102620126.24789150
15.49818 102237284.50797272
15.52097 101783653.87156484
15.54377 101398675.33347373
15.56656 101263131.33618726
15.58935 100768972.02191707
15.61214 100176494.83513249
15.63493 99641118.80610308
15.65772 99058235.67477256
15.68051 98476939.68131858
15.70331 97708154.15578426
15.72610 96997761.34303908
15.74889 96411817.00206065
15.77168 95889107.43891391
15.79447 95320268.18707788
15.81726 95147824.86230537
15.84005 94875755.80688091
15.86285 94988870.72942065
15.88564 95646364.11234574
15.90843 97018755.64424440
15.93122 97492428.70382348
15.95401 98092110.40472573
15.97680 98781990.09463152
15.99959 98834247.62927260
16.02239 98925899.67475185
16.04518 98980357.48019937
16.06797 99043691.93503956
16.09076 99007916.96168837
16.11355 98839915.01705492
16.13634 98999798.81063502
16.15913 99138441.78042486
16.18193 99150167.01297915
16.20472 99265353.04696845
16.22751 99217495.85584210
16.25030 99288245.31003438
16.27309 99236692.87514208
16.29588 98806130.67941558
16.31867 98498359.11092862
16.34147 98278991.09539127
16.36426 98572566.20500420
16.38705 98634593.53430456
16.40984 98753840.59880430
16.43263 98599033.62803653
16.45542 98297803.02462222
16.47821 98340047.49520324
16.50101 98592744.49926531
16.52380 98825944.60280968
16.54659 99850275.30903105
16.56938 99383740.95987561
16.59217 98921197.77508667
16.61496 99363279.89646813
16.63775 99703194.22920915
16.66055 100325715.39000247
16.68334 100668075.39228068
16.70613 100801098.45445967
16.72892 100849322.13480261
16.75171 100660561.72192615
16.77450 101163333.47584644
16.79729 101521592.45888875
16.82009 101639533.72632825
16.84288 100728379.03231645
16.86567 99847677.91222718
16.88846 99204122.75754227
16.91125 98825887.49263023
16.93404 98643328.15738386
16.95684 98566277.86807460
16.97963 98585513.70125477
17.00242 97990980.74040826
17.02521 97764054.69137084
17.04800 97615296.02769151
17.07079 97198485.40207797
17.09358 96408861.96483523
17.11638 95649548.35562435
17.13917 94799840.38538337
17.16196 94349762.90527451
17.18475 93836124.47635178
17.20754 93430947.08994284
17.23033 93089423.86379693
17.25312 92736357.83192028
17.27592 92317978.91796334
17.29871 91743535.42908746
17.32150 91242877.68590881
17.34429 91030738.37748623
17.36708 90258007.35859706
17.38987 89728877.32031879
17.41266 89443754.17783919
17.43546 89243039.91827632
17.45825 88947029.49114312
17.48104 88835326.54355405
17.50383 89026630.42837106
17.52662 89242709.39827345
17.54941 89274482.37462881
17.57220 88939848.37898301
17.59500 88565905.47554019
17.61779 87994551.29382186
17.64058 87589268.15751962
17.66337 87308201.39325346
17.68616 87328491.66696015
17.70895 87331361.67212319
17.73174 87436566.59834348
17.75454 87273312.69600843
17.77733 86897559.05617297
17.80012 86604617.86819385
17.82291 86352658.20041405
17.84570 86340486.79547426
17.86849 86277784.97759645
17.89128 85987809.84514645
17.91408 85954113.30486174
17.93687 86000437.83385397
17.95966 86071531.46896924
17.98245 86183834.88517922
18.00524 85991010.99544838
18.02803 85972664.80869895
18.05082 86285338.50894710
18.07362 86497530.04962608
18.09641 86507124.57821962
18.11920 86838175.18374421
18.14199 87132066.41422895
18.16478 87175220.58470725
18.18757 87098830.08888210
18.21036 87123519.01785901
18.23316 87365662.04237831
18.25595 87895953.04478516
18.27874 88685532.74514739
18.30153 88886152.23986900
18.32432 88835895.29485314
18.34711 88332789.21404146
18.36990 87390338.47290881
18.39270 86166488.35493259
18.41549 85772574.65128703
18.43828 85204176.60078619
18.46107 84633522.36078535
18.48386 83684297.07892466
18.50665 82977161.38421921
18.52944 82258199.52808787
18.55224 81481982.92236446
18.57503 80801651.52030879
18.59782 80209361.43645747
18.62061 79683764.51541227
18.64340 78940862.15698458
18.66619 78452268.36885160
18.68898 78450586.04805386
18.71178 78791252.53716876
18.73457 79365521.51441205
18.75736 79893303.81378791
18.78015 79885667.50966036
18.80294 79710848.76864488
18.82573 80159509.19394097
18.84852 80182333.79724275
18.87132 79854083.36384350
18.89411 79588180.63390744
18.91690 80371032.35052125
18.93969 80998221.37343735
18.96248 81432367.17504397
18.98527 81954385.27227476
19.00806 82669668.17851444
19.03086 83829164.20821148
19.05365 84639022.85608777
19.07644 84765932.27250184
19.09923 84845123.89074734
19.12202 85257391.43003617
19.14481 85660271.51904944
19.16760 85660027.35844368
19.19040 84891392.44339417
19.21319 84587877.71111538
19.23598 83746336.70970887
19.25877 82980959.25542177
19.28156 81598880.00857338
19.30435 80394584.51157624
19.32715 79149569.36951593
19.34994 78311908.77434772
19.37273 77514061.26391125
19.39552 77203052.86709122
19.41831 77397192.21671090
19.44110 77216671.46017711
19.46389 77212166.72592406
19.48669 77029644.69254121
19.50948 76822278.24199012
19.53227 76119687.32541716
19.55506 75448636.49627604
19.57785 74754827.00011905
19.60064 74257918.58112274
19.62343 73729303.63655023
19.64623 73548416.87705263
19.66902 73184996.23035045
19.69181 72624460.98182350
19.71460 72156741.08990094
19.73739 71989096.03883995
19.76018 70681588.62762344
19.78297 69444811.93038639
19.80577 68490325.90920012
19.82856 68142815.54372719
19.85135 67571510.05164006
19.87414 67231187.47086602
19.89693 66835370.88969516
19.91972 66152575.92587055
19.94251 65385695.38113526
19.96531 64737657.60053661
19.98810 64534938.60249018
20.01089 64957101.40255189
20.03368 64836603.44140474
20.05647 64757126.26934735
20.07926 65019499.80296639
20.10205 64884958.87414397
20.12485 64542899.10556231
20.14764 64272653.93492613
20.17043 63560505.29948843
20.19322 62768612.32130731
20.21601 62523009.13305286
20.23880 62338172.39330690
20.26159 62184396.57315978
20.28439 60947400.75574272
20.30718 59858836.77462676
20.32997 58806580.30888667
20.35276 58261547.34068350
20.37555 58086030.42341007
20.39834 58337390.32122625
20.42113 58870732.55392873
20.44393 59079571.79132175
20.46672 58341389.83972768
20.48951 58457901.87422331
20.51230 58447079.46809069
20.53509 58628249.19513749
20.55788 58981138.85179697
20.58067 59069996.88674691
20.60347 59111007.61110430
20.62626 59035243.37050221
20.64905 57899044.76280724
20.67184 56011207.20015316
20.69463 54628006.67961184
20.71742 54117525.22214421
20.74021 53378290.99902564
20.76301 53183045.55910169
20.78580 51918767.46057669
20.80859 50461719.08620607
20.83138 49336394.65292057
20.85417 48704023.34732088
20.87696 48338660.11830826
20.89975 48430843.11639703
20.92255 48474782.40572985
20.94534 48181942.90024581
20.96813 47683222.59528087
20.99092 46927526.62474257
21.01371 46363019.87271633
21.03650 45579695.49005450
21.05929 44780201.09333565
21.08209 44322268.45689496
21.10488 43955534.76943035
21.12767 43615923.27213860
21.15046 42831760.55427386
21.17325 41851596.47687505
21.19604 41667483.81104811
21.21883 41199206.32838584
21.24163 40586067.24085942
21.26442 40175444.09885497
21.28721 40064530.77717497
21.31000 40411577.15194923
21.33279 40219014.61641846
21.35558 40217757.16731621
21.37837 39809146.15036063
21.40117 38796814.01245129
21.42396 38375841.04955339
21.44675 37941391.46610898
21.46954 37763152.23388710
21.49233 37775846.81989659
21.51512 37180818.21118942
21.53792 36836813.92457733
21.56071 36296231.89052175
21.58350 36304826.01143896
21.60629 35767380.52123585
21.62908 34599927.90278053
21.65187 33968698.65527491
21.67466 33618576.76998562
21.69746 32436439.09181773
21.72025 32153578.97199408
21.74304 31990512.12887846
21.76583 32138421.96720407
21.78862 32123253.52191959
21.81141 31868774.18418736
21.83420 31731457.17934423
21.85700 31623615.18415186
21.87979 31463083.30577403
21.90258 31457648.02576931
21.92537 31270262.93097701
21.94816 31022751.06962953
21.97095 30700882.19528709
21.99374 30469453.90487478
22.01654 30133386.72997871
22.03933 29613014.57293388
22.06212 28987725.90578782
22.08491 28125387.65959563
22.10770 27220914.69812693
22.13049 26502421.92017354
22.15328 25972532.88137826
22.17608 25575147.90841746
22.19887 25726746.22034344
22.22166 25138857.56404288
22.24445 24588126.15847285
22.26724 24363685.37957142
22.29003 24286793.51068646
22.31282 23988851.70149023
22.33562 23691392.50343059
22.35841 23368467.77313969
22.38120 23026619.75991586
22.40399 22631415.95629767
22.42678 22547473.19514797
22.44957 22337757.90759001
22.47236 22049637.55522098
22.49516 21641691.51509154
22.51795 21082747.38675993
22.54074 20570055.00427078
22.56353 19986926.94447140
22.58632 19516604.54531163
22.60911 19036165.26950431
22.63190 18573668.02436299
22.65470 18093594.18829058
22.67749 17648438.15340540
22.70028 17268827.75921993
22.72307 16998715.98990985
22.74586 16708505.51264140
22.76865 16631152.77383963
22.79144 16769529.81201709
22.81424 16753296.42365580
22.83703 16819784.88822427
22.85982 16749830.68739736
22.88261 16216783.30903103
22.90540 15244916.72640125
22.92819 14560361.86652607
22.95098 13888648.28044938
22.97378 13402185.56678099
22.99657 12992141.07277659
23.01936 12563304.77207233
23.04215 12177664.32803376
23.06494 11703753.50922927
23.08773 11110778.49392436
23.11052 10525999.95801733
23.13332 10217875.22661068
23.15611 10024806.12113340
23.17890 9957195.45395911
23.20169 9940225.00212328
23.22448 9874106.61041291
23.24727 9890816.41404163
23.27006 10019414.03069161
23.29286 10293884.47391098
23.31565 10206629.50034554
23.33844 10048031.30930450
23.36123 9723538.61098404
23.38402 9506864.09910403
23.40681 9387938.69361209
23.42960 9277624.68198648
23.45240 9043947.57014801
23.47519 8852037.75449478
23.49798 8234544.51490031
23.52077 7874053.38328523
23.54356 7569480.68396078
23.56635 7312896.56870285
23.58914 7085881.67205021
23.61194 6917348.68128070
23.63473 6709764.75189128
23.65752 6565817.14172318
23.68031 6432830.88402372
23.70310 6168228.18586783
23.72589 5925326.89885931
23.74868 5665895.18035784
23.77148 5426350.34358735
23.79427 5287484.70880845
23.81706 5236708.33389283
23.83985 5160733.90734970
23.86264 5045941.78018657
23.88543 5014547.43941099
23.90823 4997773.28783493
23.93102 4983752.59140311
23.95381 4959384.05727563
23.97660 4954793.20517521
23.99939 5181567.71312095
24.02218 5035304.03530272
24.04497 4760588.18458077
24.06777 4403320.50220056
24.09056 4104910.98311842
24.11335 3864587.15280996
24.13614 3643370.42024610
24.15893 3446313.78012811
24.18172 3296220.18435839
24.20451 3199820.97602405
24.22731 3123647.06620241
24.25010 3043095.36324873
24.27289 2990546.61743539
24.29568 2945307.32723923
24.31847 2927091.15769935
24.34126 2930099.04909323
24.36405 2975385.34937342
24.38685 3008715.59945458
24.40964 3128839.79549089
24.43243 3126127.89050146
24.45522 3174543.47653733
24.47801 3276166.50272706
24.50080 3261921.42006643
24.52359 3286966.18739250
24.54639 3299150.43032452
24.56918 3286945.73108796
24.59197 3298065.65762583
24.61476 3290825.68850589
24.63755 3146047.62558373
24.66034 3015790.34612852
24.68313 2891281.13365135
24.70593 2780471.57145981
24.72872 2665226.64795171
24.75151 2553937.30140394
24.77430 2482347.53342831
24.79709 2408172.13782924
24.81988 2337802.49579482
24.84267 2261123.79250150
24.86547 2180812.68257130
24.88826 2087953.35654357
24.91105 1966862.70873000
24.93384 1838240.42550004
24.95663 1719765.67178251
24.97942 1617907.35037371
25.00221 1530807.48609112
25.02501 1462536.99275903
25.04780 1396792.41902401
25.07059 1342571.56025063
25.09338 1297700.98598155
25.11617 1255707.13790073
25.13896 1218919.67526369
25.16175 1187098.57039069
25.18455 1125690.61820088
25.20734 1063325.45948833
25.23013 998391.27492782
25.25292 933993.17882832
25.27571 869822.58445310
25.29850 825398.95863000
25.32129 785839.47147650
25.34409 761920.19075629
25.36688 731890.05155126
25.38967 700206.52736273
25.41246 667407.09114341
25.43525 635501.04999502
25.45804 608708.82809167
25.48083 584299.12348005
25.50363 563377.04662666
25.52642 544570.14801180
25.54921 526771.87502209
25.57200 510004.78194991
25.59479 497043.26019381
25.61758 478585.91713869
25.64037 458516.10613901
25.66317 436316.52002480
25.68596 412556.04256450
25.70875 388421.62121693
25.73154 367974.92217667
25.75433 353668.09581142
25.77712 341259.52279748
25.79991 330585.64441973
25.82271 322088.12437327
25.84550 317670.20921085
25.86829 310767.15399443
25.89108 299327.92228603
25.91387 293111.43894841
25.93666 286453.61623964
25.95945 279624.10989998
25.98225 273117.21920011
26.00504 267962.73620865
26.02783 263486.74395065
26.05062 260246.04777696
26.07341 258757.31522284
26.09620 254135.55398665
26.11900 249179.66329892
26.14179 244484.82461043
26.16458 241318.15946656
26.18737 238749.41021768
26.21016 234546.35056994
26.23295 232241.14741153
26.25574 230058.59872926
26.27854 228613.98745744
26.30133 228023.49623589
26.32412 228160.30082217
26.34691 229035.45601279
26.36970 230632.65851586
26.39249 231502.91554682
26.41528 233331.46753793
26.43808 231632.71594226
26.46087 230202.53677298
26.48366 229508.05056143
26.50645 230259.89607528
26.52924 226236.00639594
26.55203 222564.37532381
26.57482 219573.37270098
26.59762 218209.83915676
26.62041 215803.73552807
26.64320 212803.49523910
26.66599 210533.19589475
26.68878 207653.68566919
26.71157 204905.50299134
26.73436 202822.35570135
26.75716 200248.55474849
26.77995 197204.40040662
26.80274 195610.94679823
26.82553 192918.10233646
26.84832 190243.20212804
26.87111 188855.81167682
26.89391 189339.59445978
26.91670 192148.08736451
26.93949 196207.99806776
26.96228 199542.60164813
26.98507 204825.93029236
27.00786 209676.23121896
27.03065 206477.30558340
27.05344 202078.82071393
27.07624 201720.93026561
27.09903 202154.83728951
27.12182 207550.48053018
27.14461 207894.95528102
27.16740 190550.08845571
27.19019 181909.90604683
27.21298 173314.58376791
27.23578 167457.08919251
27.25857 163606.00382919
27.28136 162277.89384970
27.30415 160204.24742685
27.32694 155815.79039501
27.34973 150116.29181837
27.37252 145764.22652300
27.39532 142524.89861729
27.41811 142106.91008339
27.44090 141269.23679412
27.46369 142011.92170598
27.48648 142992.31796972
27.50927 144337.16228454
27.53206 145808.34550421
27.55486 148977.18372043
27.57765 150988.21150478
27.60044 153802.45896260
27.62323 158132.41781263
27.64602 162112.73438887
27.66881 162541.57121602
27.69160 162433.89665039
27.71440 163307.10643770
27.73719 164300.34682061
27.75998 167740.44301960
27.78277 171900.03641964
27.80556 177958.49748901
27.82835 187306.43103846
27.85114 198828.03533761
27.87394 211167.05427898
27.89673 231194.19167552
27.91952 244121.33349871
27.94231 247656.78951748
27.96510 250837.00063522
27.98789 252087.07618834
28.01068 253836.08725388
28.03348 256552.48644323
28.05627 258272.39019653
28.07906 256477.62677246
28.10185 255791.12122312
28.12464 254790.40503210
28.14743 251761.34052270
28.17022 246200.78309419
28.19302 243121.05480958
28.21581 243534.24153752
28.23860 244605.14909791
28.26139 243969.25470984
28.28418 242906.90026383
28.30697 240270.85763895
28.32977 239340.22892942
28.35256 237570.82977333
28.37535 238527.99479568
28.39814 237086.88998360
28.42093 233886.13565801
28.44372 230836.95520234
28.46651 229848.85753642
28.48931 228599.64305564
28.51210 223310.52592774
28.53489 219815.56060976
28.55768 215311.76197378
28.58047 205106.27463236
28.60326 201866.40540082
28.62605 198491.95850082
28.64885 196340.17844773
28.67164 194731.85629665
28.69443 193053.68811841
28.71722 190086.36931261
28.74001 186885.39781525
28.76280 184247.81508511
28.78559 183188.00614859
28.80839 181631.27925864
28.83118 179899.67594658
28.85397 178959.90655330
28.87676 177603.63743198
28.89955 177765.41167059
28.92234 177618.06562027
28.94514 176857.34282568
28.96793 176286.39034268
28.99072 175834.87049554
29.01351 174762.40489674
29.03630 172592.58653604
29.05909 171282.73424022
29.08188 169113.62647853
29.10468 167822.01240812
29.12747 168237.39305132
29.15026 169768.58127948
29.17305 172672.85133152
29.19584 161978.76269934
29.21863 159521.89585527
29.24142 158152.49020213
29.26422 157030.81664769
29.28701 156707.11672371
29.30980 156932.97753147
29.33259 157159.51580341
29.35538 159005.17665608
29.37817 161827.92429873
29.40096 165514.19114150
29.42375 170070.31135156
29.44655 176617.77600077
29.46934 186825.95286918
29.49213 192033.50982620
29.51492 196527.68822468
29.53771 201400.75630196
29.56050 196649.56960326
29.58329 190945.91734251
29.60609 190256.31216908
29.62888 182329.84810766
29.65167 180796.02662383
29.67446 180422.95304924
29.69725 182302.14149401
29.72004 189554.06355259
29.74283 186919.18713435
29.76563 184280.95042513
29.78842 184519.69187308
29.81121 184577.99048533
29.83400 195590.21353367
29.85679 193886.52349988
29.87958 189914.96675161
29.90237 188130.09444424
29.92517 187568.82129023
29.94796 186818.87424463
29.97075 186263.04970026
29.99354 187080.85102759
30.01633 191589.74570557
30.03912 190159.10560750
30.06191 190218.41834200
30.08471 191765.09795104
30.10750 189776.60695251
30.13029 190080.09428831
30.15308 183524.25629351
30.17587 182230.05608274
30.19866 181790.14293888
30.22145 181045.08591626
30.24425 181480.55405365
30.26704 182093.27487777
30.28983 181902.74736825
30.31262 183337.55184247
30.33541 183763.01365267
30.35820 182422.54965063
30.38100 175511.42092237
30.40379 169673.90157032
30.42658 167561.42641303
30.44937 166496.74925563
30.47216 165741.96768793
30.49495 165364.53990087
30.51774 167266.33315326
30.54054 177415.75023636
30.56333 189421.12999180
30.58612 186683.82915450
30.60891 178802.24420794
30.63170 176432.35271071
30.65449 173979.84796880
30.67728 170520.58513171
30.70008 167044.13593415
30.72287 167738.88063099
30.74566 171976.05968788
30.76845 178079.89386282
30.79124 186277.61461753
30.81403 190033.19041587
30.83683 194448.53054396
30.85962 193873.23375695
30.88241 190290.97012873
30.90520 189492.24947351
30.92799 190767.43148665
30.95078 192577.98706493
30.97357 192647.29475704
30.99637 197343.79077803
31.01916 200119.45179822
31.04195 204878.63755952
31.06474 213036.58382346
31.08753 220687.27506254
31.11032 231057.11592271
31.13311 240598.95385506
31.15591 250289.87272410
31.17870 261965.41473549
31.20149 277791.74368769
31.22428 301087.65545837
31.24707 305931.85067320
31.26986 307069.04542752
31.29265 322484.74107364
31.31545 323475.39717325
31.33824 320977.04592659
31.36103 318362.91719536
31.38382 311563.72280571
31.40661 307048.47049051
31.42940 298590.05530163
31.45219 297620.81057792
31.47499 286159.37808120
31.49778 283183.26609109
31.52057 281201.97546908
31.54336 279651.13459441
31.56615 276321.56957587
31.58894 274420.12251672
31.61173 274524.11521398
31.63453 275928.49543225
31.65732 285462.18266382
31.68011 294475.30362950
31.70290 302628.82581757
31.72569 314726.46683399
31.74848 317288.01424832
31.77127 313528.59069099
31.79406 304929.35278606
31.81686 294078.72024343
31.83965 286332.25250171
31.86244 283530.30421416
31.88523 282062.67129486
31.90802 281985.71490009
31.93081 284778.65068014
31.95360 282359.84285019
31.97640 277748.01117278
31.99919 276452.49506640
32.02198 273919.08759762
32.04477 269724.81302405
32.06756 265874.67217386
32.09035 264121.53963824
32.11315 261217.05891607
32.13594 260120.20129976
32.15873 260873.80513477
32.18152 262274.83657479
32.20431 266635.09329763
32.22710 269747.01832680
32.24989 271576.02874761
32.27269 272253.67836474
32.29548 270793.58700430
32.31827 266443.35762743
32.34106 262893.97894982
32.36385 260703.64871901
32.38664 260292.42503906
32.40943 257343.70895275
32.43223 254143.91146857
32.45502 247660.80938623
32.47781 243755.02545141
32.50060 236202.73833278
32.52339 227542.89644818
32.54618 212897.66020365
32.56897 203904.14015880
32.59177 197005.83470213
32.61456 189383.60113246
32.63735 182360.46384851
32.66014 178119.03755508
32.68293 175676.70849515
32.70572 174150.66644082
32.72851 176027.18564225
32.75131 166861.62636862
32.77410 158698.01759990
32.79689 151306.22082843
32.81968 144945.18361963
32.84247 138967.61664867
32.86526 133762.80885611
32.88806 128548.15092460
32.91085 123138.66191065
32.93364 118381.91257206
32.95643 114593.41664550
32.97922 110865.48258607
33.00201 107656.33968886
33.02480 104703.56270936
33.04760 101879.14855405
33.07039 99379.89541616
33.09318 97203.96280530
33.11597 95218.49510697
33.13876 92831.61677407
33.16155 88941.01473454
33.18434 85382.97596130
33.20714 81620.08826139
33.22993 77132.38832030
33.25272 72070.15031734
33.27551 69029.51485223
33.29830 65714.61183463
33.32109 62201.30397003
33.34388 58484.76433805
33.36668 53839.28927080
33.38947 47476.55646007
33.41226 38957.27980070
33.43505 31588.01314135
33.45784 27789.43893700
33.48063 20178.42934229
33.50342 16195.95910084
33.52622 13055.76957790
33.54901 10771.55511571
33.57180 9664.56495027
33.59459 9014.41679567
33.61738 8689.56770860
33.64017 8297.75200832
33.66296 7972.79433386
33.68576 7777.95346583
33.70855 7385.34208501
33.73134 7191.11028278
33.75413 6995.97146067
33.77692 6800.09635713
33.79971 6472.53842384
33.82250 6277.40908873
33.84530 6081.59525615
33.86809 5885.61973203
33.89088 5688.91235311
33.91367 5360.22772136
33.93646 5164.27601332
33.95925 4967.60281716
33.98204 4770.77620971
34.00483 4573.78819925
34.02763 4376.63062630
34.05042 4179.33660733
34.07321 3981.51256809
34.09600 3717.48503360
34.11879 3519.95578601
34.14158 3321.97588669
34.16437 3123.82298426
34.18717 2925.50539664
34.20996 2727.02376815
34.23275 2528.37398400
34.25554 2328.96686212
34.27833 1996.70665654
34.30112 1798.54985694
34.32392 1665.48646444
34.34671 1331.91652760
34.36950 1133.19231206
34.39229 1000.05153727
34.41508 800.02402610
34.43787 668.45474489
34.46066 668.59334213
34.48346 466.47233693
34.50625 334.63996526
34.52904 334.74931467
34.55183 200.97335320
34.57462 201.03811504
34.59741 200.94997609
34.62020   0.00000000
34.64300   0.00000000
34.66579   0.00000000
34.68858   0.00000000
34.71137   0.00000000
34.73416   0.00000000
34.75695   0.00000000
34.77974   0.00000000
34.80254   0.00000000
34.82533   0.00000000
34.84812   0.00000000
34.87091   0.00000000
34.89370   0.00000000
34.91649   0.00000000
34.93928   0.00000000
34.96208   0.00000000
34.98487   0.00000000
35.00766   0.00000000
35.03045   0.00000000
35.05324   0.00000000
35.07603   0.00000000
35.09882   0.00000000
35.12162   0.00000000
35.14441   0.00000000
35.16720   0.00000000
35.18999   0.00000000
35.21278   0.00000000
35.23557   0.00000000
35.25836   0.00000000
35.28116   0.00000000
35.30395   0.00000000
35.32674   0.00000000
35.34953   0.00000000
35.37232   0.00000000
35.39511   0.00000000
35.41790   0.00000000
35.44070   0.00000000
35.46349   0.00000000
35.48628   0.00000000
35.50907   0.00000000
35.53186   0.00000000
35.55465   0.00000000
35.57744   0.00000000
35.60024   0.00000000
35.62303   0.00000000
35.64582   0.00000000
35.66861   0.00000000
35.69140   0.00000000
35.71419   0.00000000
35.73698   0.00000000
35.75978   0.00000000
35.78257   0.00000000
35.80536   0.00000000
35.82815   0.00000000
35.85094   0.00000000
35.87373   0.00000000
35.89652   0.00000000
35.91932   0.00000000
35.94211   0.00000000
35.96490   0.00000000
35.98769   0.00000000
36.01048   0.00000000
36.03327   0.00000000
36.05606   0.00000000
36.07886   0.00000000
36.10165   0.00000000
36.12444   0.00000000
36.14723   0.00000000
36.17002   0.00000000
36.19281   0.00000000
36.21560   0.00000000
36.23840   0.00000000
36.26119   0.00000000
36.28398   0.00000000
36.30677   0.00000000
36.32956   0.00000000
36.35235   0.00000000
36.37515   0.00000000
36.39794   0.00000000
36.42073   0.00000000
36.44352   0.00000000
36.46631   0.00000000
36.48910   0.00000000
36.51189   0.00000000
36.53469   0.00000000
36.55748   0.00000000
36.58027   0.00000000
36.60306   0.00000000
36.62585   0.00000000
36.64864   0.00000000
36.67143   0.00000000
36.69423   0.00000000
36.71702   0.00000000
36.73981   0.00000000
36.76260   0.00000000
36.78539   0.00000000
36.80818   0.00000000
36.83097   0.00000000
36.85377   0.00000000
36.87656   0.00000000
36.89935   0.00000000
36.92214   0.00000000
36.94493   0.00000000
36.96772   0.00000000
36.99052   0.00000000
37.01331   0.00000000
37.03610   0.00000000
37.05889   0.00000000
37.08168   0.00000000
37.10447   0.00000000
37.12726   0.00000000
37.15006   0.00000000
37.17285   0.00000000
37.19564   0.00000000
37.21843   0.00000000
37.24122   0.00000000
37.26401   0.00000000
37.28680   0.00000000
37.30960   0.00000000
37.33239   0.00000000
37.35518   0.00000000
37.37797   0.00000000
37.40076   0.00000000
37.42355   0.00000000
37.44634   0.00000000
37.46914   0.00000000
37.49193   0.00000000
37.51472   0.00000000
37.53751   0.00000000
37.56030   0.00000000
37.58309   0.00000000
37.60588   0.00000000
37.62868   0.00000000
37.65147   0.00000000
37.67426   0.00000000
37.69705   0.00000000
37.71984   0.00000000
37.74263   0.00000000
37.76542   0.00000000
37.78822   0.00000000
37.81101   0.00000000
37.83380   0.00000000
37.85659   0.00000000
37.87938   0.00000000
37.90217   0.00000000
37.92496   0.00000000
37.94776   0.00000000
37.97055   0.00000000
37.99334   0.00000000
38.01613   0.00000000
38.03892   0.00000000
38.06171   0.00000000
38.08450   0.00000000
38.10730   0.00000000
38.13009   0.00000000
38.15288   0.00000000
38.17567   0.00000000
38.19846   0.00000000
38.22125   0.00000000
38.24404   0.00000000
38.26684   0.00000000
38.28963   0.00000000
38.31242   0.00000000
38.33521   0.00000000
38.35800   0.00000000
38.38079   0.00000000
38.40358   0.00000000
38.42638   0.00000000
38.44917   0.00000000
38.47196   0.00000000
38.49475   0.00000000
38.51754   0.00000000
38.54033   0.00000000
38.56312   0.00000000
38.58592   0.00000000
38.60871   0.00000000
38.63150   0.00000000
38.65429   0.00000000
38.67708   0.00000000
38.69987   0.00000000
38.72266   0.00000000
38.74546   0.00000000
38.76825   0.00000000
38.79104   0.00000000
38.81383   0.00000000
38.83662   0.00000000
38.85941   0.00000000
38.88220   0.00000000
38.90500   0.00000000
38.92779   0.00000000
38.95058   0.00000000
38.97337   0.00000000
38.99616   0.00000000
39.01895   0.00000000
39.04174   0.00000000
39.06454   0.00000000
39.08733   0.00000000
39.11012   0.00000000
39.13291   0.00000000
39.15570   0.00000000
39.17849   0.00000000
39.20128   0.00000000
39.22408   0.00000000
39.24687   0.00000000
39.26966   0.00000000
39.29245   0.00000000
39.31524   0.00000000
39.33803   0.00000000
39.36082   0.00000000
39.38362   0.00000000
39.40641   0.00000000
39.42920   0.00000000
39.45199   0.00000000
39.47478   0.00000000
39.49757   0.00000000
39.52036   0.00000000
39.54316   0.00000000
39.56595   0.00000000
39.58874   0.00000000
39.61153   0.00000000
39.63432   0.00000000
39.65711   0.00000000
39.67990   0.00000000
39.70270   0.00000000
39.72549   0.00000000
39.74828   0.00000000
39.77107   0.00000000
39.79386   0.00000000
39.81665   0.00000000
39.83944   0.00000000
39.86224   0.00000000
39.88503   0.00000000
39.90782   0.00000000
39.93061   0.00000000
39.95340   0.00000000
39.97619   0.00000000
39.99898   0.00000000
40.02178   0.00000000
40.04457   0.00000000
40.06736   0.00000000
40.09015   0.00000000
40.11294   0.00000000
40.13573   0.00000000
40.15852   0.00000000
40.18132   0.00000000
40.20411   0.00000000
40.22690   0.00000000
40.24969   0.00000000
40.27248   0.00000000
40.29527   0.00000000
40.31806   0.00000000
40.34086   0.00000000
40.36365   0.00000000
40.38644   0.00000000
40.40923   0.00000000
40.43202   0.00000000
40.45481   0.00000000
40.47761   0.00000000
40.50040   0.00000000
40.52319   0.00000000
40.54598   0.00000000
40.56877   0.00000000
40.59156   0.00000000
40.61435   0.00000000
40.63715   0.00000000
40.65994   0.00000000
40.68273   0.00000000
40.70552   0.00000000
40.72831   0.00000000
40.75110   0.00000000
40.77389   0.00000000
40.79669   0.00000000
40.81948   0.00000000
40.84227   0.00000000
40.86506   0.00000000
40.88785   0.00000000
40.91064   0.00000000
40.93343   0.00000000
40.95623   0.00000000
40.97902   0.00000000
41.00181   0.00000000
41.02460   0.00000000
41.04739   0.00000000
41.07018   0.00000000
41.09298   0.00000000
41.11577   0.00000000
41.13856   0.00000000
41.16135   0.00000000
41.18414   0.00000000
41.20693   0.00000000
41.22972   0.00000000
41.25252   0.00000000
41.27531   0.00000000
41.29810   0.00000000
41.32089   0.00000000
41.34368   0.00000000
41.36647   0.00000000
41.38926   0.00000000
41.41206   0.00000000
41.43485   0.00000000
41.45764   0.00000000
41.48043   0.00000000
41.50322   0.00000000
41.52601   0.00000000
41.54880   0.00000000
41.57160   0.00000000
41.59439   0.00000000
41.61718   0.00000000
41.63997   0.00000000
41.66276   0.00000000
41.68555   0.00000000
41.70834   0.00000000
41.73114   0.00000000
41.75393   0.00000000
41.77672   0.00000000
41.79951   0.00000000
41.82230   0.00000000
41.84509   0.00000000
41.86788   0.00000000
41.89068   0.00000000
41.91347   0.00000000
41.93626   0.00000000
41.95905   0.00000000
41.98184   0.00000000
42.00463   0.00000000
42.02742   0.00000000
42.05022   0.00000000
42.07301   0.00000000
42.09580   0.00000000
42.11859   0.00000000
42.14138   0.00000000
42.16417   0.00000000
42.18696   0.00000000
42.20976   0.00000000
42.23255   0.00000000
42.25534   0.00000000
42.27813   0.00000000
42.30092   0.00000000
42.32371   0.00000000
42.34650   0.00000000
42.36930   0.00000000
42.39209   0.00000000
42.41488   0.00000000
42.43767   0.00000000
42.46046   0.00000000
42.48325   0.00000000
42.50604   0.00000000
42.52884   0.00000000
42.55163   0.00000000
42.57442   0.00000000
42.59721   0.00000000
42.62000   0.00000000
42.64279   0.00000000
42.66558   0.00000000
42.68838   0.00000000
42.71117   0.00000000
42.73396   0.00000000
42.75675   0.00000000
42.77954   0.00000000
42.80233   0.00000000
42.82512   0.00000000
42.84792   0.00000000
42.87071   0.00000000
42.89350   0.00000000
42.91629   0.00000000
42.93908   0.00000000
42.96187   0.00000000
42.98466   0.00000000
43.00746   0.00000000
43.03025   0.00000000
43.05304   0.00000000
43.07583   0.00000000
43.09862   0.00000000
43.12141   0.00000000
43.14420   0.00000000
43.16700   0.00000000
43.18979   0.00000000
43.21258   0.00000000
43.23537   0.00000000
43.25816   0.00000000
43.28095   0.00000000
43.30374   0.00000000
43.32654   0.00000000
43.34933   0.00000000
43.37212   0.00000000
43.39491   0.00000000
43.41770   0.00000000
43.44049   0.00000000
43.46328   0.00000000
43.48608   0.00000000
43.50887   0.00000000
43.53166   0.00000000
43.55445   0.00000000
43.57724   0.00000000
43.60003   0.00000000
43.62282   0.00000000
43.64562   0.00000000
43.66841   0.00000000
43.69120   0.00000000
43.71399   0.00000000
43.73678   0.00000000
43.75957   0.00000000
43.78236   0.00000000
43.80516   0.00000000
43.82795   0.00000000
43.85074   0.00000000
43.87353   0.00000000
43.89632   0.00000000
43.91911   0.00000000
43.94190   0.00000000
43.96470   0.00000000
43.98749   0.00000000
44.01028   0.00000000
44.03307   0.00000000
44.05586   0.00000000
44.07865   0.00000000
44.10144   0.00000000
44.12424   0.00000000
44.14703   0.00000000
44.16982   0.00000000
44.19261   0.00000000
44.21540   0.00000000
44.23819   0.00000000
44.26098   0.00000000
44.28378   0.00000000
44.30657   0.00000000
44.32936   0.00000000
44.35215   0.00000000
44.37494   0.00000000
44.39773   0.00000000
44.42052   0.00000000
44.44332   0.00000000
44.46611   0.00000000
44.48890   0.00000000
44.51169   0.00000000
44.53448   0.00000000
44.55727   0.00000000
44.58007   0.00000000
44.60286   0.00000000
44.62565   0.00000000
44.64844   0.00000000
44.67123   0.00000000
44.69402   0.00000000
44.71681   0.00000000
44.73961   0.00000000
44.76240   0.00000000
44.78519   0.00000000
44.80798   0.00000000
44.83077   0.00000000
44.85356   0.00000000
44.87635   0.00000000
44.89915   0.00000000
44.92194   0.00000000
44.94473   0.00000000
44.96752   0.00000000
44.99031   0.00000000
45.01310   0.00000000
45.03589   0.00000000
45.05869   0.00000000
45.08148   0.00000000
45.10427   0.00000000
45.12706   0.00000000
45.14985   0.00000000
45.17264   0.00000000
45.19544   0.00000000
45.21823   0.00000000
45.24102   0.00000000
45.26381   0.00000000
45.28660   0.00000000
45.30939   0.00000000
45.33218   0.00000000
45.35498   0.00000000
45.37777   0.00000000
45.40056   0.00000000
45.42335   0.00000000
45.44614   0.00000000
45.46893   0.00000000
45.49172   0.00000000
45.51452   0.00000000
45.53731   0.00000000
45.56010   0.00000000
